4 0.312613 0.581317 0.041648 0.167787
4 0.913897 0.506763 0.034658 0.132299
6 0.342184 0.501713 0.017517 0.102893
4 0.266387 0.510306 0.026953 0.114358
4 0.487533 0.514047 0.029457 0.120133
4 0.379315 0.513729 0.032548 0.109235
2 0.175406 0.530152 0.133613 0.097712
4 0.391899 0.504797 0.018318 0.100012
4 0.218203 0.531657 0.029299 0.121926
2 0.191729 0.271760 0.383458 0.543178
4 0.224549 0.523400 0.042093 0.134157
3 0.225008 0.522098 0.042409 0.133113
4 0.302315 0.531823 0.032961 0.119014
7 0.175406 0.530152 0.133613 0.078170
