4 0.673304 0.655298 0.096743 0.204663
6 0.188506 0.758418 0.097843 0.281414
4 0.066570 0.569841 0.056265 0.122785
4 0.770386 0.532779 0.029000 0.090142
4 0.502127 0.526512 0.022621 0.080904
4 0.583085 0.556389 0.032639 0.103864
4 0.474533 0.562835 0.032166 0.084725
4 0.243278 0.589013 0.047161 0.103429
3 0.348209 0.539200 0.039575 0.106450
2 0.277893 0.281165 0.555785 0.562330
2 0.365700 0.544261 0.072180 0.087161
4 0.818920 0.535832 0.035591 0.106076
6 0.924414 0.513837 0.024927 0.108886
7 0.277893 0.281165 0.555785 0.449864
