6 0.539577 0.792327 0.129702 0.398226
4 0.687447 0.476934 0.032273 0.092561
4 0.737604 0.466401 0.030827 0.082953
4 0.635700 0.474152 0.029759 0.093134
4 0.533772 0.535223 0.029826 0.106965
4 0.857051 0.478846 0.030466 0.098110
4 0.558960 0.507779 0.051636 0.117851
2 0.463725 0.495089 0.086399 0.085569
2 0.265990 0.253137 0.529114 0.506274
2 0.287861 0.339937 0.569887 0.679875
4 0.545637 0.473292 0.024301 0.092986
6 0.545758 0.471022 0.024132 0.089378
5 0.405838 0.536971 0.008606 0.011499
5 0.503819 0.541724 0.007471 0.012322
3 0.475351 0.501264 0.057862 0.076343
3 0.988794 0.279974 0.022413 0.117264
7 0.463725 0.495089 0.086399 0.068455
