4 0.527819 0.527898 0.058377 0.146531
4 0.935929 0.543456 0.056317 0.189322
2 0.382431 0.464026 0.066361 0.088966
4 0.708760 0.463525 0.038820 0.122718
4 0.556912 0.496917 0.036337 0.128102
4 0.498780 0.462760 0.034815 0.113446
6 0.567106 0.431930 0.017573 0.096558
3 0.371975 0.460248 0.033724 0.105807
4 0.054138 0.609784 0.072425 0.176986
4 0.291705 0.480872 0.032633 0.095166
6 0.628160 0.817216 0.127763 0.351068
5 0.046230 0.535915 0.023609 0.038676
2 0.245374 0.290156 0.490748 0.580313
5 0.083008 0.678918 0.012922 0.020401
4 0.309543 0.471216 0.033229 0.107595
6 0.663514 0.819671 0.194340 0.355296
1 0.728013 0.820932 0.543974 0.358136
7 0.382431 0.464026 0.066361 0.071173
