4 0.108718 0.574586 0.051808 0.150454
6 0.443545 0.479544 0.022997 0.090034
4 0.331955 0.543011 0.038933 0.114695
4 0.500985 0.503750 0.029176 0.097434
4 0.165128 0.518088 0.026971 0.097772
4 0.295931 0.523207 0.027224 0.106676
4 0.474915 0.499223 0.030391 0.098579
4 0.273292 0.504018 0.029436 0.088639
2 0.613565 0.502077 0.068275 0.085778
6 0.669068 0.772300 0.097269 0.407659
3 0.553660 0.494613 0.026486 0.102987
2 0.688945 0.237750 0.622109 0.475499
1 0.186339 0.865033 0.371468 0.269934
7 0.613565 0.502077 0.068275 0.068622
