4 0.586215 0.667246 0.055916 0.117595
4 0.246231 0.688139 0.055251 0.147138
4 0.755631 0.768569 0.067540 0.237092
4 0.315439 0.670201 0.041531 0.151880
6 0.411526 0.910890 0.127230 0.177559
6 0.559834 0.605193 0.024698 0.102867
4 0.493429 0.664220 0.034849 0.121160
4 0.366392 0.670916 0.057920 0.130747
2 0.753220 0.620663 0.078833 0.092374
4 0.403068 0.650513 0.029908 0.116924
4 0.738104 0.619237 0.034214 0.106817
4 0.379303 0.677749 0.028334 0.130470
3 0.738434 0.619139 0.034311 0.106943
7 0.753220 0.620663 0.078833 0.073899
