4 0.392553 0.562002 0.048845 0.087335
2 0.517674 0.541461 0.076340 0.082760
6 0.142491 0.833703 0.137835 0.324612
4 0.063166 0.586676 0.043139 0.119132
6 0.217195 0.537868 0.025113 0.105282
6 0.121503 0.829701 0.097952 0.316594
4 0.044162 0.562751 0.034041 0.096648
4 0.189890 0.640285 0.095771 0.152249
4 0.207763 0.640874 0.061068 0.149986
3 0.497924 0.540503 0.037401 0.087187
4 0.956146 0.709563 0.087456 0.574446
5 0.429523 0.575014 0.008990 0.016480
5 0.580516 0.567687 0.007865 0.011878
4 0.175092 0.782527 0.077941 0.418100
7 0.517674 0.541461 0.076340 0.066208
