6 0.102693 0.690923 0.087432 0.302728
4 0.927588 0.507041 0.055474 0.131104
4 0.738825 0.454455 0.033949 0.101497
2 0.260061 0.478169 0.071880 0.085833
6 0.527033 0.447158 0.020629 0.090289
3 0.263393 0.484357 0.043914 0.086152
4 0.557428 0.458354 0.026979 0.085422
4 0.452658 0.524603 0.039758 0.118725
4 0.381550 0.585286 0.067582 0.169469
4 0.325113 0.494262 0.033428 0.105630
4 0.464492 0.474687 0.032933 0.093046
4 0.349521 0.491377 0.039015 0.109950
5 0.318383 0.649708 0.011502 0.016070
2 0.191109 0.381613 0.382218 0.763227
7 0.260061 0.478169 0.071880 0.068666
