6 0.647746 0.679198 0.083091 0.339830
4 0.385082 0.526956 0.039339 0.153561
4 0.521810 0.464764 0.028749 0.091594
2 0.663143 0.470682 0.067390 0.084791
4 0.185319 0.487990 0.029681 0.080185
4 0.565018 0.477762 0.025465 0.105539
4 0.450328 0.465439 0.022590 0.099704
4 0.241478 0.488629 0.043970 0.069774
4 0.595809 0.465257 0.021568 0.104350
6 0.547367 0.449268 0.017581 0.095978
4 0.367331 0.509583 0.043213 0.118747
4 0.608716 0.463802 0.020052 0.100514
1 0.212913 0.845513 0.420916 0.308975
5 0.467701 0.613134 0.011848 0.017120
2 0.716445 0.230317 0.567111 0.460634
5 0.217682 0.533028 0.007070 0.012012
7 0.663143 0.470682 0.067390 0.067833
