4 0.530978 0.520034 0.064766 0.180639
4 0.366353 0.492942 0.049548 0.185328
4 0.219635 0.530943 0.072466 0.196172
4 0.436144 0.503533 0.049421 0.158905
6 0.387965 0.419981 0.016984 0.090048
2 0.597468 0.438591 0.072939 0.089414
4 0.010592 0.482382 0.021163 0.106199
4 0.486559 0.441165 0.027573 0.099531
6 0.575640 0.749899 0.097974 0.451685
4 0.600003 0.445364 0.029830 0.096595
2 0.703379 0.250894 0.593242 0.501787
3 0.583145 0.446249 0.029528 0.091385
6 0.538797 0.757570 0.040244 0.439915
7 0.597468 0.438591 0.072939 0.071531
