4 0.524049 0.693499 0.095815 0.237301
4 0.054488 0.546054 0.053526 0.126669
4 0.299391 0.574262 0.066996 0.181444
2 0.402166 0.472490 0.065903 0.080940
4 0.208071 0.595428 0.079607 0.210520
4 0.766873 0.506190 0.046805 0.156345
4 0.123312 0.587157 0.059784 0.223114
4 0.563561 0.482108 0.044088 0.104573
4 0.491856 0.481546 0.033632 0.098335
3 0.396823 0.473702 0.053132 0.093623
2 0.217821 0.272861 0.435567 0.545721
6 0.161023 0.480103 0.027854 0.124898
2 0.266964 0.352075 0.520213 0.704150
4 0.162167 0.478941 0.028884 0.122271
7 0.402166 0.472490 0.065903 0.064752
