4 0.718992 0.545371 0.069691 0.169566
4 0.341252 0.596856 0.083173 0.237114
4 0.167551 0.503269 0.051977 0.110348
6 0.090174 0.545301 0.065470 0.168284
4 0.537226 0.461748 0.036672 0.098536
2 0.330572 0.475008 0.065791 0.097871
4 0.860087 0.473523 0.040694 0.114348
4 0.443160 0.503288 0.039515 0.111275
4 0.256548 0.490828 0.039148 0.101360
3 0.334666 0.469615 0.049563 0.110994
4 0.389828 0.471708 0.035945 0.096320
2 0.208477 0.303211 0.416355 0.606421
4 0.396602 0.463579 0.023587 0.111497
2 0.259590 0.259511 0.506160 0.519022
7 0.330572 0.475008 0.065791 0.078297
