4 0.276757 0.547038 0.048958 0.148079
4 0.575433 0.508460 0.045882 0.104306
6 0.608707 0.600534 0.053811 0.222793
2 0.747201 0.497094 0.073463 0.088250
4 0.401161 0.509259 0.037270 0.100167
4 0.685753 0.514789 0.033179 0.117681
4 0.518265 0.517379 0.034506 0.112937
4 0.152157 0.529764 0.033975 0.100814
4 0.452101 0.512807 0.034346 0.070343
6 0.380248 0.494340 0.020037 0.108534
4 0.341470 0.503236 0.026920 0.073139
1 0.250598 0.847072 0.501195 0.305855
4 0.671252 0.493289 0.030341 0.095927
5 0.549463 0.635808 0.011551 0.016506
7 0.747201 0.497094 0.073463 0.070600
