4 0.128379 0.620402 0.045030 0.163981
4 0.253504 0.594657 0.038537 0.144935
4 0.469693 0.621341 0.045316 0.182535
4 0.214948 0.575355 0.040430 0.120253
4 0.526832 0.556916 0.030175 0.113788
4 0.402916 0.559104 0.027150 0.116619
2 0.168638 0.315160 0.336870 0.630321
4 0.352820 0.569515 0.029050 0.120127
3 0.317051 0.576566 0.051535 0.075129
4 0.089867 0.590740 0.033695 0.116685
4 0.464010 0.561946 0.028546 0.121155
2 0.318532 0.568324 0.063031 0.084524
2 0.223512 0.313843 0.447023 0.627686
5 0.059204 0.621992 0.008053 0.013286
2 0.201355 0.358847 0.402710 0.717694
7 0.168638 0.315160 0.336870 0.504257
