4 0.777775 0.569154 0.064051 0.186006
4 0.548901 0.493437 0.034291 0.105404
4 0.631917 0.493334 0.038959 0.101195
6 0.041355 0.524852 0.027821 0.123927
4 0.384718 0.501865 0.029596 0.099579
4 0.448967 0.502417 0.028469 0.095118
4 0.671675 0.498303 0.025862 0.088233
4 0.344791 0.503905 0.032202 0.090810
2 0.266869 0.512319 0.112199 0.095012
4 0.478638 0.499408 0.028230 0.103403
4 0.657864 0.470974 0.019704 0.074975
2 0.243653 0.354559 0.487305 0.709118
4 0.488600 0.481941 0.040812 0.086521
7 0.266869 0.512319 0.112199 0.076010
