4 0.299813 0.641781 0.052365 0.175551
4 0.823310 0.663610 0.052651 0.191010
4 0.777936 0.592374 0.046484 0.136687
4 0.142358 0.649482 0.056084 0.171777
4 0.366851 0.767619 0.087827 0.288531
4 0.215906 0.621903 0.042262 0.132512
4 0.405288 0.581278 0.038580 0.102839
4 0.374737 0.571804 0.025510 0.112063
2 0.208487 0.287278 0.416973 0.574557
4 0.350938 0.616071 0.046705 0.113511
5 0.067379 0.679837 0.010304 0.014180
4 0.205869 0.611612 0.057751 0.147245
6 0.375188 0.572204 0.026187 0.110588
7 0.208487 0.287278 0.416973 0.459646
