4 0.531171 0.554825 0.072906 0.172025
6 0.689051 0.760640 0.111165 0.429939
4 0.303914 0.503584 0.040834 0.101107
4 0.459568 0.473494 0.027193 0.083565
2 0.712111 0.475962 0.072738 0.086184
4 0.323815 0.488383 0.030830 0.099841
4 0.637416 0.504947 0.042070 0.112859
3 0.691841 0.464697 0.023759 0.106006
4 0.764360 0.458242 0.029609 0.092114
4 0.602241 0.490173 0.035780 0.115869
5 0.359651 0.497678 0.008905 0.014772
1 0.235016 0.840905 0.470031 0.318189
4 0.492979 0.460676 0.020961 0.086841
7 0.712111 0.475962 0.072738 0.068947
