4 0.533402 0.561030 0.060051 0.169622
4 0.307255 0.649625 0.066919 0.238987
4 0.031134 0.566050 0.058756 0.125665
2 0.624628 0.489098 0.090589 0.088745
4 0.723215 0.523492 0.039076 0.139925
4 0.802647 0.478670 0.036222 0.115547
4 0.909822 0.528565 0.044536 0.155141
4 0.551267 0.505261 0.043032 0.126935
4 0.368374 0.528552 0.026535 0.108839
4 0.396654 0.499041 0.085558 0.090158
4 0.627616 0.498332 0.047190 0.092675
4 0.396673 0.518311 0.085664 0.128055
5 0.184144 0.522748 0.014633 0.020729
4 0.898398 0.526539 0.066046 0.159260
2 0.703730 0.273372 0.592539 0.546744
3 0.624178 0.491384 0.090461 0.092004
6 0.924577 0.468113 0.023490 0.117781
7 0.624628 0.489098 0.090589 0.070996
