4 0.764198 0.499558 0.053744 0.230249
4 0.344112 0.431670 0.054316 0.129180
4 0.403351 0.489349 0.064662 0.189635
4 0.851773 0.445949 0.059523 0.149662
4 0.698267 0.397145 0.040195 0.132551
6 0.665871 0.676731 0.100557 0.413058
2 0.627818 0.377163 0.072085 0.091082
6 0.392753 0.364163 0.014589 0.104680
3 0.614420 0.383499 0.055868 0.083969
6 0.665087 0.613125 0.105490 0.283318
4 0.734517 0.404073 0.020282 0.132484
5 0.523231 0.470866 0.012117 0.017484
4 0.614870 0.383564 0.053068 0.085054
1 0.754359 0.719097 0.491281 0.561805
4 0.425446 0.426332 0.028120 0.156491
7 0.627818 0.377163 0.072085 0.072866
