4 0.069429 0.465807 0.032021 0.080831
4 0.356649 0.540556 0.041322 0.106924
4 0.607466 0.458671 0.025141 0.066698
4 0.168315 0.440392 0.023109 0.073938
4 0.456382 0.394031 0.016651 0.046322
4 0.345123 0.427857 0.025671 0.075721
4 0.435941 0.407546 0.023557 0.051593
3 0.626910 0.402036 0.018724 0.059471
4 0.515451 0.391450 0.015443 0.057966
4 0.571779 0.411479 0.021747 0.076244
5 0.281152 0.687257 0.011041 0.013143
2 0.275613 0.100126 0.547704 0.200251
2 0.299359 0.207951 0.594843 0.358643
7 0.275613 0.100126 0.547704 0.160201
