2 0.834583 0.385746 0.080359 0.106323
4 0.356476 0.475579 0.038365 0.141938
4 0.514925 0.463659 0.038533 0.158612
4 0.496332 0.393632 0.063810 0.126840
6 0.801631 0.729578 0.066896 0.179086
4 0.595348 0.371257 0.028361 0.103705
4 0.322126 0.394910 0.029671 0.120790
4 0.715011 0.378029 0.029769 0.111121
4 0.668159 0.410578 0.025433 0.112405
3 0.764397 0.376250 0.022178 0.112386
4 0.681359 0.372895 0.021496 0.093506
4 0.667187 0.379617 0.043204 0.109470
4 0.488122 0.394616 0.046116 0.119801
3 0.812640 0.124070 0.112547 0.237143