4 0.286351 0.487828 0.043302 0.145945
4 0.785482 0.355639 0.025677 0.077879
4 0.616310 0.348146 0.022337 0.081922
4 0.138390 0.413357 0.046073 0.105509
4 0.732885 0.370966 0.034873 0.086402
4 0.416856 0.357533 0.026478 0.078495
4 0.557499 0.378793 0.028636 0.085683
6 0.225875 0.313446 0.016966 0.068868
4 0.875852 0.346280 0.024731 0.073370
4 0.756596 0.332355 0.026419 0.067715
4 0.529278 0.470326 0.047815 0.120710
2 0.723534 0.129770 0.552931 0.259539
3 0.924449 0.137598 0.151103 0.235607
7 0.723534 0.129770 0.552931 0.207631
