2 0.199955 0.415123 0.067130 0.090141
4 0.535735 0.471798 0.032701 0.094007
4 0.239856 0.423643 0.020433 0.086154
4 0.573731 0.408158 0.024395 0.064019
4 0.431866 0.406895 0.020709 0.079408
4 0.719436 0.447918 0.029504 0.085331
4 0.295948 0.409456 0.022281 0.088338
6 0.298997 0.742016 0.048739 0.151575
4 0.508378 0.421392 0.023160 0.082912
4 0.325290 0.430267 0.029694 0.113370
4 0.387973 0.437454 0.027550 0.099118
6 0.493938 0.412874 0.020386 0.076625
4 0.493965 0.412343 0.020159 0.077459
5 0.489348 0.255028 0.013711 0.020329
5 0.929481 0.820590 0.020874 0.016288
4 0.384151 0.379722 0.019682 0.075910
5 0.563708 0.181211 0.010247 0.013760
7 0.199955 0.415123 0.067130 0.072113
