4 0.702149 0.502567 0.041285 0.142730
6 0.276264 0.627261 0.048965 0.236777
6 0.161173 0.290896 0.020057 0.079219
4 0.461005 0.315736 0.025524 0.074939
4 0.429988 0.339202 0.037123 0.077471
4 0.396979 0.347244 0.038975 0.068982
4 0.170727 0.378510 0.032075 0.095354
2 0.051292 0.324876 0.067297 0.085019
4 0.138560 0.355244 0.029328 0.072099
4 0.581677 0.424360 0.038776 0.108261
4 0.648191 0.342188 0.021928 0.078131
4 0.301968 0.311896 0.024841 0.069380
5 0.361467 0.390916 0.010849 0.016067
4 0.084877 0.850386 0.169755 0.292067
5 0.389657 0.104348 0.009665 0.012228
4 0.114416 0.330596 0.023588 0.074439
7 0.051292 0.324876 0.067297 0.068015
