4 0.534367 0.475863 0.042109 0.152483
4 0.243328 0.386539 0.026863 0.114027
4 0.665102 0.370826 0.026831 0.101985
6 0.855646 0.340417 0.024152 0.105007
4 0.612234 0.365358 0.026717 0.106288
4 0.090748 0.393533 0.031109 0.120953
2 0.736554 0.329119 0.060284 0.079312
4 0.794294 0.323154 0.019001 0.096816
4 0.605074 0.323705 0.045880 0.091240
4 0.663819 0.323781 0.026035 0.081858
3 0.724142 0.331168 0.033218 0.074297
4 0.670301 0.339682 0.030134 0.088677
4 0.666668 0.332585 0.030498 0.082575
5 0.582661 0.681676 0.009885 0.013312
7 0.736554 0.329119 0.060284 0.063450
