2 0.110200 0.380013 0.075491 0.098820
4 0.722150 0.534175 0.054121 0.158488
4 0.420820 0.472687 0.040105 0.144757
4 0.526373 0.361046 0.028345 0.076700
6 0.470600 0.368634 0.022163 0.094934
4 0.226309 0.372990 0.026713 0.103194
4 0.777638 0.401355 0.029018 0.091265
4 0.324804 0.369550 0.025240 0.097315
3 0.162345 0.379109 0.034703 0.086403
4 0.410764 0.356410 0.029714 0.079662
4 0.699787 0.391588 0.030222 0.099226
5 0.526488 0.112347 0.011513 0.014508
5 0.933456 0.823693 0.018939 0.014336
5 0.442637 0.197059 0.014309 0.021185
4 0.438644 0.343624 0.029301 0.076080