2 0.745926 0.297832 0.080606 0.095741
4 0.765198 0.490500 0.043216 0.181922
4 0.299222 0.473995 0.043832 0.189469
6 0.824305 0.422162 0.043115 0.174720
4 0.521259 0.572613 0.050156 0.228188
4 0.569662 0.322195 0.040864 0.149878
4 0.474462 0.314137 0.034818 0.142525
4 0.016967 0.322703 0.033228 0.136533
4 0.529415 0.310522 0.024839 0.126066
4 0.370714 0.357150 0.037774 0.138332
4 0.208591 0.268016 0.028752 0.118232
3 0.738558 0.301787 0.041741 0.112764
4 0.626078 0.349925 0.036044 0.118941
4 0.427188 0.279608 0.020788 0.099164
4 0.964095 0.686604 0.071416 0.622240
4 0.962408 0.791364 0.074799 0.415162