4 0.642275 0.453001 0.052395 0.123217
4 0.516385 0.525054 0.047253 0.142491
2 0.717233 0.359665 0.063136 0.082590
4 0.113673 0.497297 0.048999 0.147234
6 0.771058 0.351502 0.023742 0.097844
4 0.407215 0.434717 0.032109 0.123548
4 0.564940 0.422506 0.029639 0.114101
4 0.682748 0.428007 0.028884 0.094759
3 0.711374 0.363840 0.031172 0.087510
4 0.579391 0.370649 0.026704 0.091461
4 0.639189 0.362172 0.027579 0.080423
3 0.701662 0.125450 0.090998 0.235245
5 0.684076 0.515565 0.008212 0.012433
7 0.717233 0.359665 0.063136 0.066072
