6 0.431204 0.434784 0.039287 0.170385
4 0.557591 0.308883 0.039956 0.084096
4 0.208272 0.484684 0.068978 0.153118
4 0.764298 0.395006 0.044765 0.115013
4 0.336499 0.282858 0.025723 0.075490
4 0.685048 0.384090 0.039938 0.092043
4 0.673730 0.255663 0.021979 0.068838
4 0.693762 0.295449 0.039050 0.077220
4 0.791839 0.262380 0.027725 0.073717
4 0.603759 0.446694 0.050590 0.133638
4 0.761587 0.311286 0.045432 0.073827
6 0.449133 0.201584 0.018619 0.060022
2 0.729657 0.088420 0.540686 0.161683
4 0.984620 0.135164 0.030761 0.270328
7 0.729657 0.088420 0.540686 0.129346
