4 0.337820 0.667089 0.074634 0.219379
4 0.182747 0.387054 0.041490 0.108832
4 0.768578 0.340421 0.034172 0.082936
4 0.725277 0.316872 0.026127 0.089837
4 0.417423 0.356313 0.033772 0.080819
4 0.568575 0.293808 0.024659 0.073556
4 0.666610 0.438971 0.035638 0.114600
4 0.696647 0.453828 0.039703 0.110133
4 0.587336 0.295315 0.024041 0.086146
6 0.892740 0.306268 0.026558 0.096654
2 0.654631 0.274334 0.046673 0.069812
3 0.652213 0.275007 0.027661 0.069141
4 0.037658 0.754593 0.074141 0.054912
4 0.682237 0.452292 0.067225 0.115204