4 0.217156 0.508985 0.067820 0.138884
2 0.969972 0.420061 0.059841 0.114562
6 0.890885 0.844167 0.055336 0.298699
4 0.332653 0.419762 0.054920 0.101772
4 0.500414 0.474799 0.045990 0.162058
4 0.620292 0.419307 0.037799 0.114086
6 0.703543 0.352920 0.019555 0.105298
4 0.756705 0.426635 0.030780 0.116480
4 0.726695 0.388670 0.035999 0.111747
3 0.891901 0.421748 0.045736 0.113741
4 0.731220 0.444036 0.029089 0.105307
4 0.355780 0.501351 0.042336 0.116327
5 0.848494 0.668432 0.011032 0.012493
5 0.887142 0.612960 0.013567 0.013199
5 0.896257 0.652306 0.010989 0.012136
5 0.295924 0.653437 0.012932 0.012223
5 0.985206 0.539464 0.011617 0.015829
5 0.965290 0.696443 0.012156 0.016440