4 0.554781 0.518540 0.028514 0.110290
4 0.361544 0.418933 0.021998 0.080610
4 0.415929 0.462069 0.028935 0.082898
4 0.778733 0.428045 0.018604 0.081259
4 0.477113 0.376491 0.018789 0.046619
4 0.227242 0.418968 0.021835 0.075025
4 0.520554 0.405722 0.015987 0.056675
4 0.401373 0.366225 0.014530 0.048461
6 0.565807 0.381497 0.015625 0.062400
4 0.404247 0.443338 0.020833 0.075442
4 0.207975 0.394632 0.026767 0.059184
2 0.214651 0.390867 0.037064 0.070862
4 0.565956 0.382228 0.015559 0.061922
4 0.907335 0.447330 0.017191 0.063769
7 0.214651 0.390867 0.037064 0.056690
