4 0.332734 0.460995 0.035099 0.142192
6 0.252790 0.596209 0.058262 0.211174
4 0.364330 0.430293 0.035249 0.129420
4 0.461480 0.408330 0.039383 0.123264
4 0.445461 0.352743 0.032833 0.097124
4 0.536153 0.455789 0.031974 0.139141
4 0.188883 0.368148 0.021657 0.093779
4 0.797237 0.402412 0.026464 0.102088
4 0.281967 0.451102 0.035684 0.125481
4 0.279482 0.372060 0.041089 0.103255
3 0.216682 0.347245 0.031199 0.098753
2 0.322954 0.311556 0.062503 0.056299
4 0.215916 0.344709 0.031458 0.095152
7 0.322954 0.311556 0.062503 0.045039
