2 0.788190 0.441464 0.071741 0.093722
6 0.809716 0.680761 0.047259 0.197980
4 0.452968 0.441024 0.026227 0.090718
4 0.506392 0.464863 0.029338 0.113175
4 0.681255 0.469824 0.025097 0.105720
4 0.298906 0.496386 0.029303 0.119434
4 0.429704 0.460898 0.031563 0.106055
3 0.731141 0.418014 0.030943 0.094397
4 0.629409 0.469649 0.028598 0.120365
4 0.583127 0.449060 0.024290 0.100041
4 0.669197 0.402721 0.022711 0.087125
4 0.264208 0.435099 0.020180 0.096426
4 0.563171 0.399068 0.019539 0.083413
5 0.217392 0.659476 0.013843 0.010544
5 0.682387 0.647863 0.009342 0.008841
5 0.084522 0.075232 0.011884 0.019206
5 0.513669 0.092193 0.009884 0.015412
4 0.583682 0.404018 0.019320 0.091755
5 0.596316 0.095966 0.008100 0.013578
5 0.483516 0.091185 0.008914 0.013326
5 0.270537 0.082470 0.009962 0.016069
5 0.753691 0.103620 0.009209 0.014503
5 0.172517 0.813868 0.017425 0.012349
5 0.348815 0.085477 0.008052 0.013352
5 0.135465 0.076747 0.011412 0.019226
5 0.570123 0.095185 0.008934 0.015004
5 0.227852 0.080409 0.010141 0.015627
5 0.622393 0.097946 0.008672 0.014884
5 0.542354 0.093698 0.009679 0.016280
1 0.390322 0.484048 0.093892 0.085746
5 0.182505 0.079176 0.011624 0.018078
5 0.452784 0.090366 0.009320 0.014576
5 0.728897 0.557772 0.009753 0.012081
5 0.739619 0.703681 0.011040 0.010386