2 0.827797 0.422376 0.083212 0.107439
4 0.245641 0.531135 0.053533 0.163765
4 0.612424 0.432401 0.035018 0.105077
4 0.420756 0.478457 0.046008 0.135712
6 0.277619 0.939436 0.085150 0.120451
3 0.736284 0.424280 0.042754 0.085260
4 0.126382 0.419988 0.029782 0.101763
4 0.393626 0.388457 0.028866 0.094988
6 0.461648 0.376638 0.025831 0.102925
4 0.440506 0.424176 0.026935 0.096187
4 0.508544 0.421694 0.056221 0.078816
4 0.610315 0.378447 0.030998 0.079103
4 0.500500 0.419677 0.040928 0.079808
5 0.706051 0.661259 0.009416 0.011615
1 0.344093 0.471269 0.059595 0.100791
5 0.168735 0.676372 0.016422 0.012687
5 0.564741 0.637550 0.008053 0.009277
4 0.417695 0.406970 0.030324 0.069031
5 0.606562 0.023215 0.009842 0.014696
5 0.229345 0.011122 0.013394 0.022244
5 0.544176 0.019877 0.009879 0.019538
5 0.636986 0.024939 0.009259 0.015297
5 0.648146 0.506307 0.008805 0.011421
5 0.739708 0.607226 0.012396 0.013569
4 0.418210 0.423138 0.029999 0.100373
5 0.705342 0.661172 0.010899 0.015430
5 0.788777 0.032714 0.009485 0.015059