2 0.863840 0.409489 0.078104 0.099541
4 0.165145 0.494323 0.040503 0.148246
4 0.511850 0.392906 0.024122 0.100548
4 0.409882 0.396768 0.027649 0.096684
4 0.541450 0.429604 0.026221 0.100683
4 0.640775 0.394242 0.026768 0.091343
4 0.689463 0.413021 0.026777 0.109492
4 0.715303 0.395702 0.026113 0.143340
5 0.749536 0.626776 0.008922 0.010670
6 0.533877 0.363153 0.020793 0.066285
5 0.269305 0.624515 0.012823 0.011915
3 0.781089 0.395249 0.027316 0.105285
5 0.138187 0.026372 0.012879 0.021264
5 0.222960 0.780098 0.015836 0.011406
5 0.188580 0.027500 0.013310 0.022306
5 0.282340 0.030609 0.011192 0.017365
5 0.325461 0.032753 0.010160 0.014589
4 0.781298 0.396095 0.027006 0.105267
5 0.789800 0.612243 0.009428 0.010739
5 0.848328 0.647332 0.010223 0.014183
5 0.405597 0.035595 0.007733 0.013570
4 0.533996 0.366074 0.021439 0.071297
5 0.606664 0.042178 0.008220 0.015053
5 0.740500 0.472306 0.011466 0.012272