4 0.672705 0.547807 0.060653 0.159019
2 0.347941 0.361408 0.059150 0.077974
6 0.276946 0.691608 0.042031 0.140074
4 0.656699 0.394479 0.030030 0.084329
4 0.528058 0.377474 0.034828 0.092365
4 0.366788 0.413227 0.027399 0.100784
4 0.959249 0.460984 0.050989 0.100823
4 0.294882 0.453337 0.040105 0.092492
4 0.398163 0.387496 0.025467 0.087689
4 0.489951 0.428079 0.041158 0.086758
4 0.842820 0.392847 0.023525 0.073937
4 0.823064 0.431958 0.034345 0.092762
3 0.349406 0.364839 0.025417 0.076339
4 0.718426 0.333503 0.028323 0.082810
5 0.448524 0.631651 0.007982 0.013714
5 0.935441 0.017089 0.009186 0.016305
5 0.527311 0.048186 0.008241 0.013385
5 0.546596 0.047711 0.008563 0.013973
5 0.787439 0.026069 0.009818 0.014182
5 0.570302 0.045267 0.008598 0.015666
6 0.718491 0.333616 0.028491 0.082964
5 0.338310 0.509578 0.011179 0.013942
5 0.755878 0.029717 0.009124 0.015693
5 0.818468 0.024545 0.009820 0.016285
5 0.490119 0.051973 0.007761 0.013260
5 0.508020 0.050194 0.008218 0.013812
5 0.727966 0.032780 0.009641 0.014810
5 0.214958 0.480434 0.007431 0.012330