4 0.390497 0.588245 0.053760 0.127813
4 0.207505 0.445310 0.028103 0.088754
4 0.452180 0.436740 0.029320 0.094209
4 0.561718 0.376693 0.022204 0.066314
4 0.607664 0.397964 0.018707 0.066256
4 0.540262 0.479112 0.026818 0.096767
4 0.680987 0.413317 0.020898 0.071048
4 0.505414 0.422773 0.028924 0.084395
4 0.553839 0.442419 0.026487 0.082172
6 0.911116 0.462706 0.025306 0.101605
5 0.586252 0.595521 0.006780 0.009973
4 0.721727 0.412148 0.040584 0.070288
4 0.759276 0.433400 0.031967 0.065241
2 0.702747 0.259005 0.594505 0.517128
7 0.702747 0.259005 0.594505 0.413702
