4 0.501172 0.574861 0.054712 0.141923
4 0.965022 0.565492 0.049098 0.158046
4 0.364420 0.416817 0.031101 0.079513
4 0.293159 0.327632 0.019971 0.062498
4 0.444417 0.360938 0.025780 0.071145
4 0.717650 0.381758 0.032978 0.080908
4 0.470829 0.456128 0.029776 0.102804
4 0.658587 0.488201 0.038628 0.084449
4 0.398501 0.453174 0.034913 0.082752
3 0.152109 0.298198 0.020042 0.052626
4 0.878612 0.325507 0.016934 0.077931
4 0.053282 0.673265 0.106227 0.606271
5 0.170825 0.483479 0.007159 0.010177
4 0.154623 0.416303 0.034223 0.078408
2 0.146089 0.292450 0.038559 0.049321
7 0.146089 0.292450 0.038559 0.039457
