4 0.442248 0.452258 0.059980 0.158325
4 0.115321 0.367272 0.049433 0.139617
4 0.373839 0.498667 0.071989 0.197815
4 0.566010 0.602213 0.063774 0.223997
4 0.323843 0.353549 0.043369 0.133286
6 0.219685 0.938805 0.094284 0.121498
4 0.527644 0.442159 0.053107 0.129731
4 0.747187 0.362632 0.046909 0.142406
4 0.546148 0.309015 0.034443 0.105772
3 0.926900 0.369768 0.059367 0.124836
4 0.664809 0.271508 0.030271 0.126198
2 0.987872 0.368678 0.024256 0.129802
2 0.964012 0.369340 0.071976 0.127149
2 0.981981 0.368965 0.036038 0.129919
4 0.515511 0.429510 0.066657 0.122794
7 0.987872 0.368678 0.024256 0.103842
