4 0.491278 0.450226 0.039126 0.142941
6 0.362414 0.685478 0.059845 0.212930
4 0.655787 0.402187 0.037580 0.140133
4 0.609780 0.365338 0.029590 0.136901
4 0.492857 0.308974 0.025270 0.090138
4 0.203204 0.347399 0.039221 0.098359
4 0.683332 0.514917 0.043950 0.207660
4 0.296864 0.341273 0.030390 0.104699
4 0.955068 0.384870 0.032054 0.127457
4 0.456297 0.309016 0.052072 0.087516
4 0.539956 0.251109 0.022477 0.098724
4 0.410844 0.325263 0.033575 0.061885
4 0.416764 0.326017 0.047870 0.061856
2 0.464407 0.290598 0.069287 0.110869
7 0.464407 0.290598 0.069287 0.088695
