4 0.364027 0.366299 0.048935 0.106190
6 0.183326 0.875730 0.096526 0.243592
4 0.042093 0.518659 0.066188 0.147385
2 0.934279 0.267399 0.085396 0.100824
4 0.636693 0.206874 0.031920 0.075828
4 0.417226 0.252313 0.037858 0.087049
4 0.547364 0.263614 0.032203 0.087176
4 0.795566 0.295129 0.035059 0.105314
4 0.503536 0.225614 0.027852 0.090846
4 0.457150 0.291943 0.036468 0.107973
4 0.275103 0.250276 0.022827 0.095608
3 0.907795 0.253740 0.030081 0.107953
4 0.194266 0.277364 0.028402 0.111689
7 0.934279 0.267399 0.085396 0.080659
