6 0.852799 0.883760 0.097024 0.228370
4 0.455258 0.534949 0.061168 0.227709
4 0.343741 0.357014 0.050535 0.126993
4 0.829786 0.285117 0.032613 0.133953
6 0.463063 0.188325 0.028203 0.109567
4 0.390739 0.242932 0.031161 0.121213
4 0.203790 0.252679 0.032297 0.113491
2 0.262203 0.242814 0.084283 0.100493
4 0.277358 0.299317 0.042845 0.118966
4 0.335503 0.233931 0.036814 0.100589
5 0.143177 0.450618 0.009133 0.015387
4 0.345125 0.266474 0.028331 0.089871
4 0.275186 0.247483 0.039986 0.090791
5 0.306380 0.554652 0.009753 0.017261
5 0.269846 0.417966 0.011857 0.012320
5 0.524424 0.693168 0.011137 0.017754