2 0.826193 0.429330 0.082237 0.106212
4 0.262569 0.523150 0.050871 0.150315
6 0.211308 0.905050 0.094251 0.186006
4 0.602721 0.442922 0.038146 0.104899
4 0.569680 0.482678 0.046761 0.113696
4 0.514316 0.435250 0.039899 0.087706
4 0.375390 0.390192 0.028351 0.092239
4 0.624607 0.378669 0.026447 0.077563
4 0.192894 0.417068 0.023447 0.088594
4 0.460676 0.413450 0.035375 0.111091
3 0.729043 0.423263 0.033001 0.103104
4 0.484523 0.438167 0.035132 0.100963
5 0.165617 0.683679 0.017983 0.014653
5 0.704481 0.668933 0.010021 0.010979
5 0.227536 0.016032 0.013641 0.023138
5 0.693992 0.498181 0.012881 0.013117
5 0.178397 0.013975 0.013457 0.021519
5 0.318514 0.019052 0.012100 0.021372
5 0.474610 0.025074 0.009767 0.016287
5 0.438811 0.023770 0.010818 0.016796
5 0.646726 0.514527 0.009032 0.010917
5 0.786953 0.040003 0.008391 0.014386
5 0.635372 0.499006 0.007807 0.012058
5 0.125592 0.011937 0.012679 0.020962
5 0.542270 0.028104 0.010822 0.020066