2 0.788765 0.435871 0.073086 0.093845
4 0.221615 0.572654 0.059912 0.134755
6 0.477607 0.769345 0.057505 0.225764
6 0.499188 0.399568 0.022006 0.092053
4 0.475070 0.449479 0.044160 0.079128
4 0.532887 0.494553 0.035594 0.104152
4 0.622996 0.453792 0.029929 0.092801
4 0.320246 0.424208 0.036722 0.072828
4 0.431856 0.414250 0.027659 0.082712
4 0.250062 0.434021 0.036016 0.086780
3 0.708455 0.429237 0.026335 0.095185
5 0.453884 0.084704 0.007584 0.012319
5 0.182974 0.072694 0.011168 0.017280
5 0.484367 0.086134 0.008410 0.012834
5 0.228431 0.074633 0.009757 0.016024
5 0.084469 0.069172 0.010681 0.015883
4 0.545255 0.423833 0.034968 0.097812
5 0.135175 0.071009 0.010932 0.017172
5 0.721211 0.628666 0.008576 0.009451
5 0.514774 0.087024 0.008875 0.015093
5 0.271094 0.076253 0.010727 0.016567
5 0.755441 0.098453 0.009804 0.015160
5 0.146217 0.478446 0.013063 0.015073
5 0.683966 0.644355 0.009477 0.010699
5 0.597522 0.090581 0.009236 0.014103
5 0.571963 0.089274 0.010399 0.016324
5 0.349612 0.079504 0.008579 0.014577
5 0.484556 0.085216 0.009879 0.015934
5 0.543493 0.088181 0.010217 0.015584
5 0.623734 0.091704 0.008370 0.014135
5 0.729539 0.553561 0.010772 0.015169
5 0.776412 0.098575 0.008450 0.013504