2 0.208476 0.413164 0.053666 0.065885
6 0.192151 0.624257 0.043625 0.173488
4 0.479908 0.463956 0.031200 0.092772
4 0.411825 0.444576 0.026410 0.092724
4 0.519070 0.384708 0.017904 0.072106
4 0.332933 0.425161 0.018566 0.089272
4 0.371061 0.395901 0.016441 0.075640
6 0.467439 0.402475 0.020204 0.087516
4 0.705397 0.454455 0.028792 0.085202
3 0.213862 0.410978 0.021245 0.068902
4 0.305283 0.428962 0.016747 0.084106
4 0.489353 0.423362 0.022789 0.071784
5 0.707806 0.114345 0.009040 0.014167
5 0.384156 0.138125 0.007780 0.013172
5 0.939679 0.098860 0.009480 0.016398
5 0.988544 0.095760 0.012022 0.018350
5 0.613915 0.120772 0.007998 0.013237
5 0.862893 0.103638 0.010062 0.015071
5 0.404760 0.135529 0.008259 0.013055
4 0.638430 0.408146 0.014577 0.073670
5 0.539250 0.126378 0.008438 0.013582
5 0.588493 0.121749 0.009671 0.014932
5 0.818296 0.107233 0.009475 0.016438
5 0.902854 0.100783 0.009945 0.014863
5 0.915092 0.735118 0.013205 0.011958
5 0.334179 0.141779 0.007804 0.012339
5 0.743892 0.111983 0.010686 0.015512
5 0.562504 0.123325 0.009058 0.012813
5 0.385133 0.696686 0.007093 0.013026
5 0.367354 0.138912 0.007689 0.013452
5 0.779278 0.108663 0.009901 0.016965