2 0.951723 0.453505 0.093610 0.120633
4 0.192221 0.469088 0.047698 0.142681
6 0.851535 0.877109 0.066877 0.242623
4 0.338648 0.463291 0.036475 0.145636
6 0.518681 0.403050 0.030335 0.124127
4 0.289694 0.490409 0.039286 0.159468
4 0.418227 0.386212 0.023356 0.115009
4 0.617739 0.473813 0.026543 0.134593
3 0.884066 0.434284 0.034798 0.134302
4 0.451349 0.434405 0.031424 0.122058
4 0.286828 0.438453 0.071442 0.132153
5 0.728853 0.529112 0.012647 0.016444
5 0.949408 0.581568 0.012825 0.014098
5 0.205550 0.723180 0.014284 0.011338
4 0.310919 0.440722 0.023848 0.135995
4 0.441504 0.399847 0.022315 0.103981
5 0.807778 0.722601 0.011866 0.013668