4 0.782450 0.523449 0.044115 0.106676
4 0.210379 0.416988 0.027697 0.064765
4 0.332288 0.367760 0.018152 0.059242
4 0.134242 0.432011 0.034613 0.070643
4 0.489466 0.420514 0.030087 0.059786
4 0.457468 0.438550 0.025900 0.072477
4 0.754791 0.381853 0.018170 0.056569
4 0.165852 0.404973 0.043348 0.059852
4 0.172270 0.404902 0.029731 0.059713
4 0.465376 0.389460 0.022865 0.062911
4 0.467476 0.344480 0.013189 0.044063
4 0.088482 0.376100 0.028589 0.050490
6 0.984080 0.886781 0.031840 0.222488
2 0.252212 0.171642 0.499665 0.342452
4 0.984266 0.884765 0.031469 0.224935
7 0.252212 0.171642 0.499665 0.273962
