6 0.197228 0.436716 0.051628 0.154267
2 0.142492 0.383581 0.090804 0.111921
4 0.655357 0.466396 0.046643 0.135638
4 0.422388 0.430391 0.038986 0.112927
4 0.277176 0.426363 0.037423 0.124018
4 0.368114 0.418581 0.040042 0.103045
4 0.317901 0.411956 0.036544 0.129198
4 0.549760 0.397501 0.042150 0.099705
4 0.501873 0.373648 0.039986 0.121407
4 0.632162 0.359033 0.035704 0.094260
4 0.680868 0.370211 0.037875 0.089084
6 0.570759 0.362460 0.029940 0.133186
4 0.839991 0.391654 0.037239 0.113052
3 0.222987 0.378598 0.048292 0.108692
5 0.016921 0.606026 0.009656 0.016491
5 0.214917 0.543576 0.012576 0.015292
5 0.193427 0.713717 0.010263 0.016903
4 0.570997 0.363602 0.029900 0.136655