2 0.865856 0.404353 0.084664 0.109514
4 0.326643 0.506699 0.056851 0.135207
4 0.269951 0.549629 0.047268 0.181094
4 0.671098 0.378229 0.028991 0.109548
4 0.115586 0.409229 0.029405 0.104083
4 0.421284 0.401335 0.026006 0.095395
4 0.591381 0.379995 0.032328 0.101064
4 0.689537 0.411602 0.039525 0.090778
4 0.565592 0.405120 0.035079 0.074020
4 0.475528 0.393740 0.031490 0.085499
3 0.775007 0.418038 0.046355 0.076850
5 0.204377 0.652680 0.011863 0.011256
5 0.787102 0.474731 0.010764 0.019148
4 0.497808 0.352569 0.024780 0.108748
5 0.740978 0.645135 0.009665 0.012815
5 0.776251 0.591567 0.010964 0.010763
4 0.494301 0.360225 0.021469 0.103263
5 0.785600 0.627995 0.008074 0.010834
5 0.796008 0.539900 0.010939 0.014702