2 0.889056 0.433226 0.078285 0.099833
4 0.226168 0.506900 0.036710 0.140277
4 0.668046 0.444993 0.029545 0.088695
6 0.557815 0.397562 0.025782 0.097046
4 0.256542 0.407518 0.023955 0.090549
4 0.605467 0.460049 0.035133 0.129833
4 0.462547 0.395472 0.023572 0.070516
4 0.531564 0.413080 0.026187 0.098654
4 0.720187 0.421330 0.029452 0.131435
5 0.773736 0.649408 0.007545 0.010149
5 0.536221 0.061678 0.009904 0.017778
5 0.763398 0.493630 0.011374 0.012165
3 0.801705 0.416778 0.028940 0.104775
5 0.873050 0.669790 0.010109 0.013827
5 0.878653 0.074468 0.007866 0.015093
5 0.351855 0.481346 0.010109 0.010868
5 0.292217 0.642873 0.013798 0.010998
5 0.568367 0.061986 0.010133 0.016452
5 0.856443 0.073674 0.009353 0.015178
5 0.262378 0.051150 0.012230 0.019931
5 0.599949 0.063240 0.009430 0.016089
4 0.801554 0.416756 0.029014 0.104476
5 0.165117 0.048418 0.011314 0.018400
5 0.215067 0.050080 0.011941 0.019081
5 0.687508 0.066926 0.009815 0.014436
5 0.350073 0.055079 0.010533 0.016408
5 0.630305 0.064085 0.008782 0.015222
5 0.814262 0.634755 0.009149 0.010011
4 0.609107 0.415723 0.018854 0.092625