4 0.066746 0.518457 0.049503 0.147742
4 0.494807 0.558429 0.049241 0.149715
4 0.536991 0.428003 0.035741 0.131623
4 0.575763 0.370102 0.033579 0.111214
4 0.480252 0.438193 0.044537 0.107323
4 0.370190 0.382647 0.033895 0.091971
4 0.338298 0.410103 0.038249 0.105817
4 0.285691 0.370292 0.031802 0.094946
4 0.415823 0.364983 0.041528 0.097333
4 0.668912 0.492762 0.044405 0.129175
2 0.463444 0.324527 0.066514 0.078332
4 0.517658 0.418241 0.039092 0.099775
3 0.456251 0.332022 0.044658 0.089350
4 0.455138 0.333361 0.040278 0.090412
4 0.932201 0.583159 0.135312 0.833682
7 0.463444 0.324527 0.066514 0.062666
