4 0.360421 0.453338 0.038800 0.134354
4 0.789429 0.468524 0.045262 0.144736
2 0.256797 0.376244 0.071927 0.092397
4 0.561624 0.428215 0.048811 0.098967
6 0.264830 0.619370 0.036504 0.214588
4 0.482246 0.381125 0.028204 0.116089
4 0.690745 0.390916 0.032738 0.100538
4 0.557018 0.381623 0.030385 0.095679
4 0.758244 0.393625 0.040664 0.094969
4 0.596929 0.354385 0.029717 0.101028
4 0.449980 0.388669 0.027717 0.110605
5 0.151750 0.558846 0.009090 0.013681
3 0.326136 0.374563 0.029864 0.095829
4 0.606254 0.382681 0.024762 0.102498
5 0.875215 0.438253 0.013060 0.017339
4 0.609282 0.363296 0.022859 0.083276
5 0.228639 0.545378 0.008577 0.011497
5 0.303976 0.020991 0.007680 0.012776