4 0.813971 0.444114 0.083756 0.156318
4 0.553818 0.607524 0.097453 0.189712
4 0.344818 0.330984 0.052838 0.127959
4 0.699136 0.458392 0.052124 0.136174
4 0.309518 0.280088 0.029113 0.113432
4 0.321690 0.520236 0.050130 0.191224
4 0.744480 0.386004 0.070231 0.123194
4 0.620668 0.419203 0.047332 0.138383
4 0.490786 0.316412 0.038118 0.111723
2 0.250555 0.218661 0.076835 0.092483
4 0.616645 0.290525 0.031535 0.095564
3 0.270555 0.219178 0.033108 0.094553
5 0.800694 0.614462 0.016908 0.018808
5 0.148560 0.402920 0.008890 0.013990
5 0.093195 0.370459 0.008082 0.013052