2 0.818896 0.419402 0.073224 0.098299
4 0.144797 0.599197 0.062434 0.144237
4 0.413953 0.504030 0.052594 0.106532
6 0.500206 0.797266 0.068317 0.169667
6 0.543693 0.375792 0.021377 0.087476
4 0.652371 0.408391 0.029923 0.096502
4 0.499918 0.399617 0.024273 0.087577
4 0.362290 0.435279 0.035975 0.081134
3 0.737597 0.412050 0.027058 0.100047
4 0.623133 0.413492 0.028206 0.089948
5 0.711062 0.628328 0.008199 0.009624
5 0.116523 0.051981 0.011092 0.018778
5 0.807749 0.079917 0.009864 0.015043
5 0.300571 0.058725 0.012076 0.018826
4 0.585711 0.410814 0.040777 0.087357
4 0.578239 0.407715 0.025412 0.087376
5 0.759236 0.538829 0.010521 0.013432
5 0.213429 0.055956 0.012687 0.019277
5 0.785901 0.079480 0.010314 0.015800
4 0.231960 0.415364 0.036556 0.065486
5 0.166570 0.053506 0.011595 0.018423
4 0.594490 0.412293 0.023331 0.083623
5 0.543335 0.068276 0.011024 0.016667
5 0.572017 0.068961 0.009716 0.015152
5 0.246674 0.633923 0.011232 0.013020
5 0.512980 0.067220 0.011084 0.014992
5 0.258071 0.057871 0.011503 0.018410
5 0.626458 0.071257 0.009758 0.015085
5 0.481924 0.065374 0.010317 0.017583
5 0.600459 0.070470 0.010137 0.015472
5 0.572541 0.069143 0.011733 0.018279
5 0.749791 0.614797 0.008045 0.009768
5 0.378283 0.062417 0.009310 0.016410