4 0.380114 0.361133 0.042156 0.111957
4 0.394368 0.458892 0.043376 0.114506
4 0.521760 0.367950 0.031788 0.092816
4 0.350459 0.368608 0.021983 0.093350
4 0.890973 0.396100 0.026273 0.089440
4 0.571803 0.361220 0.028289 0.069495
4 0.500778 0.449823 0.026225 0.116039
4 0.740141 0.369810 0.022536 0.075173
4 0.704895 0.319900 0.022886 0.079640
3 0.486074 0.344143 0.024361 0.084170
6 0.470895 0.699078 0.054578 0.166654
4 0.509771 0.337478 0.022339 0.077097
2 0.532155 0.315785 0.055994 0.057379
4 0.522236 0.333383 0.017005 0.084905
4 0.514530 0.335832 0.030463 0.080173
5 0.611414 0.372810 0.006698 0.010116
7 0.532155 0.315785 0.055994 0.045903
