4 0.646606 0.453338 0.035471 0.092093
4 0.498123 0.401874 0.036833 0.073810
4 0.529871 0.451788 0.025729 0.098676
4 0.369196 0.400625 0.026691 0.083614
4 0.740295 0.399526 0.026534 0.068541
4 0.353044 0.391807 0.017797 0.083728
4 0.469289 0.376280 0.017983 0.060670
6 0.416817 0.725309 0.053232 0.160023
4 0.689390 0.360480 0.016339 0.080395
2 0.477896 0.368678 0.035456 0.070129
4 0.407081 0.385037 0.021937 0.074762
3 0.407139 0.386050 0.022254 0.072521
3 0.993194 0.433285 0.013612 0.114682
4 0.994460 0.433209 0.011080 0.110918
2 0.993592 0.436572 0.012815 0.126365
7 0.477896 0.368678 0.035456 0.056103
