4 0.650425 0.625941 0.053109 0.148916
2 0.215066 0.487382 0.068789 0.091191
6 0.845393 0.768576 0.057689 0.233135
4 0.302142 0.602014 0.032773 0.128469
4 0.419871 0.467093 0.024456 0.066878
4 0.711232 0.522444 0.039661 0.090413
4 0.344100 0.477496 0.025437 0.083513
4 0.440525 0.508119 0.026720 0.093405
6 0.451323 0.435405 0.014081 0.062202
3 0.260570 0.484216 0.027336 0.083311
4 0.488066 0.460745 0.043845 0.070009
5 0.589731 0.716634 0.015617 0.016350
5 0.898312 0.606743 0.010411 0.012277
4 0.506909 0.444393 0.024430 0.075838
4 0.284256 0.495969 0.021077 0.095585
5 0.956144 0.292160 0.009642 0.015538
5 0.034513 0.146276 0.018037 0.028121
5 0.933067 0.290290 0.009921 0.013976
5 0.910225 0.290268 0.010157 0.015056
5 0.979657 0.293792 0.010418 0.015896
4 0.302875 0.521002 0.027042 0.089073
5 0.889114 0.289504 0.010332 0.014790
5 0.867391 0.288788 0.009875 0.015903
5 0.846963 0.286738 0.009431 0.017307
5 0.211107 0.131394 0.014386 0.023185
5 0.806175 0.286710 0.009982 0.017712