4 0.717888 0.768527 0.076175 0.299071
4 0.740943 0.397556 0.045729 0.149978
4 0.072270 0.416082 0.069679 0.154595
4 0.842461 0.632962 0.061168 0.203964
2 0.443833 0.356628 0.101202 0.119971
4 0.328363 0.337999 0.038872 0.127033
4 0.362417 0.323487 0.031361 0.089594
4 0.295499 0.340627 0.042334 0.106443
4 0.506503 0.373775 0.030435 0.124114
4 0.660553 0.315931 0.028065 0.064354
3 0.461803 0.368782 0.052798 0.098524
5 0.446183 0.431514 0.010374 0.015668
1 0.703885 0.431335 0.095115 0.115401
5 0.220317 0.429658 0.011898 0.017400
5 0.642436 0.790506 0.012475 0.016492
7 0.443833 0.356628 0.101202 0.095977
