2 0.126664 0.419871 0.078742 0.108700
4 0.834065 0.591238 0.045811 0.154183
3 0.197355 0.419120 0.038608 0.090276
4 0.297099 0.446793 0.028490 0.104391
6 0.287497 0.363381 0.022242 0.086742
4 0.679438 0.411716 0.037055 0.084493
4 0.587099 0.497958 0.043325 0.091667
4 0.566853 0.463603 0.036745 0.105218
4 0.434868 0.382986 0.019496 0.068587
4 0.807062 0.425255 0.031463 0.090792
5 0.917272 0.332113 0.013325 0.021923
5 0.756620 0.456146 0.011107 0.017536
4 0.543559 0.516627 0.044513 0.120497
4 0.530952 0.381498 0.018811 0.077297
1 0.144784 0.551595 0.289568 0.360328
1 0.145425 0.604420 0.289796 0.251196