4 0.049539 0.506270 0.046000 0.115604
6 0.433702 0.609673 0.041228 0.193870
2 0.591606 0.385990 0.059591 0.074834
4 0.527599 0.485930 0.039268 0.127228
4 0.243546 0.451511 0.032178 0.099530
6 0.377830 0.362838 0.013410 0.063204
4 0.518053 0.391188 0.020715 0.083416
4 0.448904 0.435142 0.026654 0.088033
3 0.547080 0.394453 0.025171 0.079238
4 0.212941 0.392959 0.022617 0.073573
4 0.429722 0.387157 0.020307 0.086334
5 0.016556 0.224399 0.010566 0.016195
4 0.437982 0.406552 0.027134 0.086404
5 0.036344 0.224311 0.009308 0.014385
5 0.653019 0.304148 0.007702 0.013026
5 0.113986 0.113658 0.020410 0.018573
4 0.435517 0.396215 0.030567 0.100190
5 0.055913 0.224262 0.008418 0.013938
5 0.116041 0.115036 0.023945 0.022257
5 0.143280 0.220757 0.009622 0.016074
7 0.591606 0.385990 0.059591 0.059867
