4 0.286833 0.859528 0.097519 0.279336
2 0.110395 0.478933 0.129708 0.176337
4 0.799802 0.676546 0.095084 0.282834
4 0.088054 0.684791 0.087114 0.194180
3 0.111043 0.504062 0.068980 0.169410
4 0.403865 0.499922 0.051047 0.180571
4 0.268111 0.553027 0.059529 0.197073
4 0.434815 0.570011 0.066510 0.184782
4 0.254971 0.544415 0.086208 0.203972
4 0.240647 0.533628 0.058777 0.183210
5 0.835723 0.038711 0.013513 0.019574
5 0.805742 0.039422 0.012629 0.018601
5 0.898596 0.035728 0.014491 0.021102
5 0.774576 0.042540 0.012382 0.015819
5 0.866809 0.036937 0.014124 0.020194
1 0.670053 0.045573 0.659289 0.091145
5 0.964897 0.030266 0.014252 0.021102
4 0.017045 0.669842 0.034090 0.221477
5 0.662711 0.047579 0.013907 0.017977
5 0.931635 0.032022 0.014649 0.019941
5 0.584668 0.053416 0.012759 0.017670
5 0.745733 0.044652 0.011969 0.015040
5 0.610502 0.052118 0.011909 0.017089
5 0.689136 0.047251 0.012954 0.017692