2 0.303837 0.394618 0.077665 0.104522
4 0.570745 0.416193 0.034780 0.123759
4 0.744061 0.379437 0.033590 0.099995
6 0.596126 0.333407 0.020817 0.076178
4 0.392216 0.356610 0.023144 0.096514
4 0.423047 0.391876 0.034729 0.109367
4 0.696023 0.353233 0.046663 0.066926
4 0.765911 0.360963 0.027227 0.085157
3 0.359857 0.384651 0.029379 0.103352
5 0.876979 0.137190 0.010534 0.017851
5 0.833965 0.137262 0.010232 0.016500
5 0.946059 0.137295 0.010032 0.015964
5 0.922438 0.137204 0.010298 0.016379
5 0.813044 0.137489 0.011117 0.017449
5 0.772411 0.139671 0.010692 0.018479
5 0.855670 0.137912 0.011297 0.018475
5 0.753147 0.140304 0.009698 0.017334
5 0.792552 0.138903 0.010381 0.017562
4 0.685468 0.366277 0.024316 0.096209
5 0.899869 0.137001 0.011261 0.017672
1 0.336588 0.041527 0.673175 0.083055
5 0.994246 0.136382 0.011508 0.020647
5 0.970088 0.136568 0.011067 0.017617
5 0.109221 0.009410 0.017199 0.018820