2 0.698042 0.222931 0.071781 0.087892
4 0.215580 0.394919 0.038269 0.151544
4 0.625858 0.325987 0.041319 0.116263
4 0.641467 0.253440 0.038455 0.088592
6 0.602003 0.213993 0.021577 0.092946
4 0.184316 0.347471 0.032370 0.132610
6 0.448529 0.618322 0.053917 0.255634
4 0.491162 0.288287 0.031711 0.092343
4 0.577277 0.279195 0.038229 0.109529
4 0.266581 0.346596 0.033699 0.126641
4 0.593292 0.250727 0.026195 0.087901
4 0.692315 0.241998 0.042190 0.063615
4 0.487911 0.262774 0.044641 0.099627
3 0.692045 0.241443 0.042290 0.060390
7 0.698042 0.222931 0.071781 0.070314
