2 0.116634 0.338510 0.085722 0.114458
4 0.362943 0.501121 0.056739 0.191442
4 0.468360 0.382948 0.042303 0.141802
4 0.859434 0.381751 0.047843 0.143474
4 0.399693 0.351740 0.046698 0.116904
4 0.656672 0.338378 0.043439 0.115523
4 0.222004 0.338404 0.053074 0.089140
4 0.293656 0.348669 0.030656 0.102241
4 0.474816 0.316854 0.030074 0.089431
4 0.284464 0.346457 0.047985 0.098899
5 0.870192 0.046294 0.011115 0.017219
5 0.895072 0.045329 0.011107 0.016151
5 0.845900 0.046899 0.010357 0.016428
5 0.946200 0.043984 0.010096 0.015509
5 0.920367 0.044899 0.011094 0.015428
5 0.822311 0.047287 0.010075 0.015590
5 0.972372 0.042657 0.009857 0.015710
5 0.799387 0.049281 0.010699 0.018155
7 0.116634 0.338510 0.085722 0.091566
