2 0.249480 0.398360 0.077581 0.102506
4 0.853760 0.612679 0.062778 0.196798
4 0.168430 0.514716 0.048233 0.130816
4 0.284425 0.445484 0.042068 0.099728
4 0.356300 0.356898 0.023373 0.072891
6 0.129794 0.438298 0.032146 0.128804
4 0.540523 0.441422 0.030280 0.123243
3 0.301592 0.405971 0.022761 0.080768
5 0.063198 0.308646 0.011582 0.019700
4 0.485608 0.382718 0.024832 0.093958
5 0.122619 0.224604 0.013151 0.021019
4 0.832748 0.372979 0.038322 0.091437
5 0.059264 0.451709 0.010664 0.018159
7 0.249480 0.398360 0.077581 0.082005
