2 0.144569 0.330842 0.084797 0.111405
4 0.420244 0.422584 0.040858 0.123540
4 0.875488 0.437040 0.040848 0.147665
4 0.684958 0.322093 0.045020 0.099050
4 0.396229 0.315501 0.030208 0.084914
4 0.339428 0.337913 0.030554 0.114781
4 0.812026 0.348648 0.048186 0.091468
6 0.527767 0.299014 0.019795 0.092761
4 0.518183 0.367379 0.042366 0.113888
4 0.634149 0.366468 0.051722 0.098409
3 0.226043 0.322534 0.043236 0.115051
4 0.467656 0.328766 0.045262 0.078947
4 0.443721 0.309653 0.030494 0.097310
5 0.872899 0.074307 0.009883 0.015801
5 0.848882 0.074442 0.009824 0.015631
5 0.897258 0.075008 0.010032 0.016135
5 0.701598 0.393495 0.011571 0.017005
5 0.921904 0.074950 0.009762 0.015770
5 0.947644 0.074916 0.010234 0.016087
5 0.695536 0.073947 0.010745 0.017443
5 0.825471 0.074144 0.010147 0.015866
5 0.802557 0.074396 0.008897 0.015011
5 0.675227 0.073828 0.010447 0.017164
5 0.780083 0.075402 0.009156 0.013920
5 0.973279 0.075459 0.011487 0.016980
5 0.737161 0.075334 0.009536 0.014578
5 0.715907 0.074116 0.010296 0.016249