6 0.551000 0.532343 0.073046 0.196045
2 0.228398 0.374227 0.080832 0.108591
4 0.509966 0.349032 0.028462 0.094557
4 0.862905 0.355750 0.031668 0.105155
4 0.719307 0.400662 0.041167 0.112445
4 0.594572 0.361917 0.033594 0.094376
3 0.297988 0.361288 0.033524 0.113382
4 0.418707 0.334586 0.022699 0.099759
4 0.552216 0.404024 0.037860 0.100670
4 0.447103 0.393565 0.039962 0.094160
4 0.377919 0.403333 0.039025 0.130321
4 0.698099 0.334195 0.058227 0.066132
5 0.864372 0.109146 0.009720 0.015617
5 0.887658 0.108672 0.010997 0.018279
5 0.841740 0.109356 0.010452 0.017033
5 0.935116 0.107659 0.010602 0.017304
5 0.911189 0.107505 0.011322 0.017624
5 0.819613 0.109605 0.009824 0.014952
5 0.960141 0.107761 0.011371 0.018730
5 0.755872 0.109849 0.011514 0.018385
5 0.797600 0.109310 0.010183 0.016683
5 0.734993 0.110323 0.010106 0.016752
5 0.985993 0.106897 0.012587 0.020655
5 0.715342 0.111583 0.010677 0.016382
5 0.776723 0.109965 0.010963 0.017327
4 0.710763 0.334012 0.031774 0.068498
4 0.381805 0.373204 0.031120 0.105777
5 0.696124 0.111969 0.010219 0.015601