2 0.071940 0.425109 0.087053 0.113684
6 0.430303 0.736747 0.076453 0.237489
4 0.614863 0.398560 0.029587 0.098692
4 0.288355 0.421642 0.033387 0.115880
6 0.576413 0.477798 0.041401 0.145709
4 0.461735 0.403452 0.032398 0.093692
4 0.379022 0.390618 0.039392 0.095547
4 0.319520 0.404396 0.028404 0.117261
4 0.346917 0.437214 0.038952 0.117262
6 0.151988 0.406125 0.037488 0.121438
5 0.867310 0.146288 0.011298 0.015885
5 0.942595 0.146431 0.010187 0.015615
5 0.843134 0.147005 0.010737 0.017232
5 0.891522 0.145977 0.010581 0.015166
5 0.818794 0.148342 0.011427 0.019993
5 0.968692 0.146827 0.010601 0.016866
5 0.917210 0.145625 0.010616 0.015068
5 0.795142 0.148659 0.011035 0.018789
5 0.584581 0.154585 0.009474 0.014739
5 0.994795 0.145918 0.010410 0.017791
5 0.603944 0.153445 0.009624 0.015721
4 0.557674 0.368156 0.026672 0.082324
5 0.565742 0.155253 0.009664 0.015136
3 0.152354 0.406709 0.038012 0.121911
5 0.646683 0.021009 0.012395 0.016145
5 0.684732 0.152711 0.009662 0.015707
5 0.643497 0.153536 0.009228 0.017757
5 0.260127 0.157659 0.013411 0.020403
5 0.546886 0.156407 0.009418 0.014251
5 0.623659 0.153467 0.009499 0.015834
5 0.706143 0.151991 0.009142 0.016562
4 0.465274 0.366737 0.042216 0.088057
5 0.664180 0.153648 0.008019 0.013777