2 0.417382 0.451995 0.062514 0.085014
4 0.518436 0.452943 0.031050 0.085345
4 0.672531 0.561329 0.033135 0.126113
4 0.706560 0.428971 0.030577 0.069816
4 0.716073 0.478467 0.044435 0.085488
4 0.554193 0.539708 0.035310 0.116089
6 0.245649 0.464623 0.021894 0.113602
4 0.891208 0.475012 0.038789 0.108550
4 0.792586 0.445914 0.039005 0.061702
4 0.486059 0.445494 0.023708 0.078654
4 0.338343 0.489198 0.035542 0.108789
5 0.130966 0.815099 0.020717 0.025006
5 0.255396 0.122781 0.016022 0.031725
5 0.916958 0.122525 0.013750 0.019258
4 0.556674 0.492621 0.027222 0.104241
5 0.905223 0.398330 0.016801 0.018322
5 0.786902 0.696455 0.015015 0.014324
7 0.417382 0.451995 0.062514 0.068011
