2 0.978158 0.442687 0.043647 0.084596
4 0.972575 0.567827 0.037760 0.148367
4 0.356817 0.595026 0.048363 0.137719
4 0.491864 0.459043 0.034792 0.089178
4 0.605228 0.506707 0.037111 0.108802
5 0.096824 0.206391 0.009462 0.015625
5 0.828469 0.993020 0.013974 0.013959
5 0.074619 0.205209 0.009633 0.016359
5 0.050488 0.203663 0.010203 0.015686
5 0.026281 0.203123 0.010423 0.016525
5 0.513104 0.125560 0.022818 0.018802
5 0.119040 0.206602 0.009638 0.015231
5 0.623789 0.840172 0.013749 0.021657
5 0.141415 0.207829 0.009122 0.014828
3 0.979203 0.445084 0.030530 0.079518
5 0.183956 0.210007 0.008569 0.014416
4 0.978018 0.448087 0.030292 0.081523
5 0.264313 0.213197 0.008068 0.012783
5 0.162562 0.208917 0.009548 0.015061
5 0.204688 0.210292 0.008834 0.013983
5 0.003342 0.201064 0.006683 0.014975
5 0.283261 0.213303 0.008367 0.013480
5 0.302127 0.214807 0.008203 0.013393
5 0.244829 0.211762 0.008743 0.013001
5 0.060665 0.079922 0.009454 0.015201