2 0.491392 0.332698 0.101365 0.122712
4 0.347835 0.417079 0.054168 0.139208
4 0.762411 0.488382 0.044831 0.177509
4 0.562593 0.314587 0.031307 0.105326
6 0.177590 0.365823 0.038614 0.176202
4 0.768009 0.386118 0.047786 0.135425
1 0.741723 0.397544 0.093500 0.134170
4 0.785654 0.299674 0.031352 0.083040
4 0.512702 0.381613 0.038505 0.123958
5 0.845676 0.693301 0.012304 0.015697
5 0.416485 0.368866 0.009720 0.013619
5 0.652658 0.603119 0.011450 0.015255
4 0.359280 0.324791 0.036954 0.099765
3 0.508215 0.337749 0.045852 0.103005
4 0.375346 0.318729 0.073222 0.109647
5 0.694528 0.551668 0.015847 0.013522
5 0.676129 0.503581 0.010618 0.012389
7 0.491392 0.332698 0.101365 0.098170
