6 0.779746 0.754765 0.067054 0.292274
2 0.111278 0.420912 0.077439 0.106743
4 0.760559 0.534224 0.047397 0.158490
4 0.892264 0.404638 0.025854 0.117749
4 0.336585 0.400146 0.036800 0.084910
4 0.273320 0.439686 0.029752 0.115793
4 0.467167 0.399222 0.029357 0.113381
4 0.228391 0.472463 0.049811 0.101666
3 0.171699 0.418900 0.030067 0.090720
4 0.242337 0.445554 0.031949 0.110913
4 0.435880 0.396034 0.027533 0.111290
1 0.142915 0.636897 0.285830 0.232337
1 0.567514 0.670043 0.698670 0.634077
1 0.143425 0.584516 0.286390 0.342487
4 0.443917 0.371159 0.029802 0.106537
4 0.431908 0.387458 0.038033 0.094946