2 0.379145 0.328657 0.078762 0.103452
4 0.744148 0.401839 0.037021 0.144315
4 0.500258 0.333249 0.030527 0.109725
3 0.455226 0.324017 0.032854 0.103635
4 0.793896 0.322867 0.037384 0.085942
4 0.933533 0.355954 0.031953 0.107571
4 0.884514 0.335029 0.031112 0.092507
5 0.056713 0.742912 0.021376 0.023212
5 0.946838 0.090333 0.010571 0.015466
4 0.952931 0.329427 0.034471 0.098313
5 0.969812 0.090887 0.011076 0.017839
5 0.902757 0.089202 0.010920 0.015459
5 0.925013 0.089960 0.010158 0.016004
5 0.993376 0.092590 0.010499 0.018353
5 0.881438 0.088771 0.010765 0.015704
4 0.909275 0.344417 0.030389 0.089532