2 0.179508 0.324525 0.082973 0.116303
4 0.371583 0.336542 0.056416 0.111595
6 0.092236 0.391495 0.035888 0.155212
4 0.882102 0.295402 0.032693 0.104025
4 0.467350 0.331946 0.035551 0.128387
4 0.670973 0.335512 0.036502 0.122346
4 0.308208 0.371070 0.037870 0.123515
4 0.504146 0.306636 0.034186 0.086493
4 0.543475 0.308574 0.033748 0.090095
4 0.382527 0.290444 0.036831 0.089019
4 0.283685 0.319607 0.037809 0.095661
5 0.622758 0.575795 0.017875 0.016334
5 0.689722 0.048163 0.009639 0.015774
5 0.669835 0.049154 0.009990 0.016136
5 0.709860 0.047112 0.009591 0.014648
5 0.751549 0.046166 0.010094 0.015851
5 0.795289 0.045731 0.009518 0.014106
5 0.937253 0.040959 0.010022 0.016599
4 0.661096 0.277624 0.076815 0.081991
5 0.730876 0.047267 0.009785 0.015683
4 0.684063 0.279051 0.032251 0.088597
5 0.989120 0.038626 0.011077 0.017501
5 0.962800 0.040038 0.009972 0.016281
5 0.887704 0.042430 0.009702 0.015485
5 0.912241 0.041835 0.009995 0.016650
5 0.840321 0.044855 0.009906 0.014530
5 0.817634 0.045348 0.008775 0.014086
5 0.863626 0.043797 0.009351 0.014374
5 0.773221 0.046170 0.008671 0.013957
5 0.650100 0.051384 0.009731 0.015864