4 0.254854 0.436575 0.034360 0.117997
2 0.371926 0.390243 0.069191 0.088412
6 0.201125 0.446784 0.029774 0.132387
4 0.274619 0.397231 0.032421 0.113403
4 0.795958 0.486002 0.040097 0.129513
4 0.563421 0.401302 0.025453 0.097871
4 0.542632 0.390659 0.026918 0.095171
4 0.469644 0.392402 0.034730 0.094120
4 0.441216 0.398067 0.022370 0.092012
4 0.411048 0.395726 0.032667 0.089563
5 0.066917 0.747690 0.017748 0.020212
5 0.933832 0.201710 0.008515 0.013074
3 0.410754 0.395137 0.031863 0.089915
4 0.463734 0.404065 0.024566 0.085665
5 0.912756 0.200774 0.009417 0.013510
5 0.977810 0.202835 0.010553 0.016336
7 0.371926 0.390243 0.069191 0.070730
