4 0.298757 0.537765 0.059990 0.193250
4 0.348823 0.423770 0.061042 0.110142
4 0.140275 0.384543 0.041406 0.114463
4 0.398181 0.332991 0.024126 0.075545
4 0.049190 0.365294 0.036149 0.097690
4 0.296873 0.350107 0.038935 0.080027
4 0.207701 0.344530 0.035503 0.090536
4 0.555644 0.379838 0.041313 0.078536
2 0.562932 0.354753 0.040482 0.107215
4 0.535353 0.373946 0.035217 0.081340
5 0.529316 0.525483 0.008562 0.013146
6 0.859106 0.414379 0.025447 0.133644
5 0.658016 0.467121 0.008128 0.013966
5 0.621670 0.482721 0.008213 0.012296
5 0.658646 0.465468 0.007420 0.011547
7 0.562932 0.354753 0.040482 0.085772
