4 0.608763 0.316102 0.058385 0.085884
4 0.832298 0.400267 0.055841 0.117656
4 0.913332 0.452325 0.056889 0.130774
2 0.123844 0.286326 0.087511 0.111224
4 0.381727 0.323077 0.050198 0.109730
4 0.962696 0.355185 0.049735 0.098580
3 0.214071 0.282846 0.042547 0.108414
4 0.289111 0.308551 0.032826 0.108950
6 0.806028 0.287660 0.022505 0.097291
4 0.590944 0.284400 0.029581 0.085566
4 0.692924 0.277338 0.028093 0.091467
5 0.883837 0.063976 0.010955 0.018171
5 0.859877 0.062562 0.010274 0.017305
5 0.908585 0.064732 0.011306 0.017395
5 0.682961 0.052105 0.010522 0.016556
5 0.835987 0.061433 0.010483 0.017542
5 0.662761 0.051158 0.010842 0.017090
4 0.646779 0.286535 0.045329 0.087650
5 0.933928 0.066540 0.010990 0.017427
5 0.959252 0.067795 0.011510 0.016175
5 0.986264 0.069153 0.011459 0.018025
5 0.642442 0.051244 0.010453 0.016774
5 0.812760 0.059174 0.011319 0.017742
5 0.703078 0.053119 0.009547 0.015024
5 0.685538 0.340736 0.009545 0.017798
5 0.622979 0.050858 0.010234 0.016901
5 0.745741 0.056275 0.009660 0.014375
5 0.986375 0.068542 0.014165 0.021062
5 0.724549 0.054649 0.008941 0.012634
5 0.604117 0.049303 0.010477 0.016663
5 0.767837 0.058049 0.008916 0.014782
5 0.585471 0.048318 0.009833 0.016173