2 0.207985 0.334693 0.083109 0.109777
4 0.750342 0.381553 0.036252 0.143614
6 0.678209 0.498689 0.058197 0.200280
6 0.540098 0.314909 0.022440 0.102246
4 0.316055 0.341530 0.029390 0.116059
4 0.848509 0.402438 0.031944 0.141905
4 0.820368 0.364033 0.031207 0.122426
4 0.696943 0.381190 0.028095 0.116095
5 0.847071 0.091266 0.010946 0.017256
4 0.852283 0.336452 0.030767 0.107780
5 0.870011 0.090943 0.011406 0.017884
5 0.893230 0.091648 0.012118 0.019012
5 0.917521 0.092171 0.012127 0.018888
5 0.942109 0.091786 0.012326 0.017870
5 0.967323 0.093214 0.012484 0.020708
5 0.992709 0.093364 0.012612 0.021701
5 0.802386 0.090017 0.011384 0.016806
5 0.824859 0.090513 0.010932 0.016409
5 0.780679 0.089971 0.011909 0.017819
5 0.759466 0.088960 0.011527 0.017025
3 0.279478 0.344326 0.035023 0.103072
5 0.739327 0.087519 0.011143 0.018062
5 0.718825 0.086963 0.011589 0.018796