6 0.235004 0.920109 0.095775 0.159781
2 0.050602 0.386003 0.094703 0.154226
4 0.505989 0.569905 0.062869 0.220162
4 0.188877 0.582984 0.069513 0.233832
4 0.395028 0.901449 0.090373 0.196082
4 0.966274 0.627261 0.063790 0.236601
4 0.258328 0.619756 0.063122 0.245250
4 0.267794 0.441032 0.047957 0.166412
4 0.345539 0.517133 0.062149 0.119864
4 0.380094 0.485988 0.044654 0.199441
1 0.349388 0.452818 0.089791 0.150500
3 0.049304 0.405450 0.078618 0.125700
5 0.904874 0.661906 0.007891 0.012143
4 0.349028 0.491516 0.058866 0.163166
5 0.909566 0.687670 0.007524 0.013840
4 0.353543 0.468715 0.053449 0.136989
7 0.050602 0.386003 0.094703 0.123381
