4 0.709847 0.605150 0.079096 0.229229
2 0.413293 0.365328 0.082471 0.121625
4 0.161666 0.520954 0.055465 0.193644
4 0.855098 0.849603 0.117839 0.292687
4 0.627319 0.349122 0.049248 0.101141
6 0.078580 0.464485 0.029021 0.157352
4 0.476509 0.337590 0.032081 0.084521
3 0.423232 0.362038 0.033968 0.113197
5 0.060087 0.894889 0.022270 0.029959
5 0.721756 0.364234 0.011008 0.013878
6 0.855417 0.849946 0.119126 0.296618
1 0.317242 0.701743 0.629773 0.596515
5 0.844659 0.026499 0.009036 0.012877
5 0.865393 0.023669 0.009331 0.013695
5 0.784420 0.037065 0.009298 0.015129
5 0.824245 0.030238 0.007601 0.012437
5 0.747225 0.042498 0.008918 0.015279