2 0.339943 0.386678 0.079920 0.106944
6 0.263060 0.467342 0.035658 0.156753
6 0.958549 0.407352 0.036713 0.122609
4 0.894441 0.409707 0.039513 0.126232
4 0.747411 0.370163 0.032978 0.099894
4 0.571248 0.369876 0.028669 0.101156
4 0.559665 0.437657 0.038765 0.130569
4 0.533675 0.403447 0.030002 0.119471
4 0.545961 0.346058 0.026146 0.086064
4 0.991024 0.462313 0.017953 0.100666
5 0.896805 0.136351 0.010226 0.016249
5 0.989400 0.138340 0.011179 0.017939
5 0.918941 0.136454 0.010814 0.016921
5 0.852997 0.136147 0.010382 0.016090
5 0.965204 0.138274 0.011295 0.017052
5 0.941941 0.137615 0.009871 0.015693
5 0.874948 0.136058 0.010920 0.016683
5 0.832509 0.136075 0.010220 0.015888
3 0.356309 0.378752 0.040775 0.107602