6 0.963792 0.853346 0.072360 0.288734
2 0.073623 0.473355 0.088194 0.119633
4 0.932790 0.590537 0.065957 0.168318
4 0.381541 0.513832 0.042765 0.140218
6 0.462332 0.406839 0.023866 0.093982
4 0.924758 0.431414 0.034577 0.092658
4 0.818307 0.441934 0.046943 0.093293
4 0.739022 0.429955 0.029079 0.092982
4 0.512345 0.428191 0.029511 0.100735
4 0.312878 0.457594 0.038503 0.091040
4 0.684227 0.399263 0.026185 0.083216
5 0.912542 0.161294 0.010638 0.017318
6 0.162126 0.454501 0.037017 0.122389
5 0.887339 0.162398 0.010853 0.018419
5 0.937994 0.160349 0.011201 0.017899
5 0.265576 0.007341 0.016071 0.014682
5 0.963909 0.159049 0.011263 0.019140
5 0.862542 0.163430 0.011539 0.019287
5 0.600611 0.180838 0.010200 0.015566
5 0.989882 0.158857 0.012971 0.021062
3 0.161463 0.454397 0.036327 0.120993
5 0.071471 0.032274 0.014272 0.020401
4 0.296537 0.466129 0.060864 0.112674
5 0.838270 0.163836 0.010813 0.016736
5 0.580920 0.182509 0.010406 0.017414
4 0.286169 0.469387 0.040568 0.107605
5 0.620132 0.179998 0.011037 0.016688
5 0.814793 0.165558 0.010730 0.016834
5 0.681118 0.176927 0.010489 0.019524
5 0.660300 0.178169 0.010395 0.016348
5 0.791151 0.168494 0.009970 0.016045
5 0.562230 0.183562 0.010270 0.017175
5 0.702342 0.176219 0.009788 0.017180
5 0.768542 0.170106 0.011412 0.019164