2 0.165196 0.300892 0.081367 0.115907
4 0.810486 0.364786 0.046788 0.157703
4 0.488818 0.381551 0.044207 0.125553
6 0.725848 0.487940 0.060131 0.198832
4 0.591717 0.276851 0.029194 0.106105
4 0.522524 0.260070 0.033254 0.092612
4 0.864620 0.265853 0.034682 0.095363
4 0.412658 0.237591 0.030507 0.085160
4 0.395541 0.282711 0.032545 0.105441
4 0.483367 0.271035 0.025661 0.080848
6 0.546764 0.261138 0.017670 0.100146
3 0.227735 0.308625 0.046286 0.115015
4 0.469240 0.241310 0.043918 0.075500
5 0.694697 0.023287 0.010326 0.014514
5 0.714760 0.023315 0.009861 0.014946
5 0.674271 0.024777 0.009669 0.015410
5 0.654544 0.025344 0.009000 0.014670
5 0.635228 0.026655 0.009396 0.015293
1 0.648279 0.325797 0.061889 0.058115
5 0.757461 0.021177 0.008811 0.015264
4 0.233296 0.327076 0.037955 0.080969