2 0.145397 0.333838 0.074909 0.099379
4 0.558328 0.411102 0.050710 0.103654
4 0.487522 0.575350 0.057497 0.212778
4 0.386713 0.326209 0.031234 0.097139
3 0.216456 0.335553 0.032780 0.098211
4 0.753152 0.356245 0.038542 0.092312
4 0.662414 0.402931 0.034372 0.095747
4 0.278022 0.357032 0.031835 0.106862
4 0.634850 0.378207 0.033637 0.093714
6 0.920726 0.358406 0.028847 0.099439
5 0.950650 0.135603 0.011118 0.017310
0 0.972494 0.612488 0.054922 0.189628
5 0.927135 0.134995 0.010643 0.016973
5 0.974572 0.136618 0.010960 0.018363
5 0.859399 0.131912 0.010051 0.015852
5 0.837981 0.130216 0.010711 0.017251
5 0.903765 0.134200 0.010306 0.016202
5 0.881566 0.132117 0.009628 0.017751
5 0.816719 0.129260 0.009457 0.016783
5 0.996597 0.138024 0.006806 0.018938