2 0.083643 0.391409 0.077385 0.113040
6 0.595300 0.735717 0.059770 0.289207
4 0.263446 0.408317 0.031420 0.110616
6 0.424969 0.347918 0.023173 0.100959
4 0.559993 0.430053 0.030864 0.128459
4 0.329025 0.393630 0.037298 0.098290
4 0.528599 0.370089 0.032816 0.104675
4 0.602553 0.365193 0.030016 0.109900
4 0.382202 0.371572 0.032466 0.076157
3 0.138664 0.385085 0.026062 0.105930
4 0.473475 0.418623 0.030630 0.120821
4 0.492712 0.347866 0.020637 0.103058
4 0.330394 0.368901 0.055980 0.093914
4 0.343289 0.368725 0.031765 0.096571
4 0.348181 0.369341 0.022208 0.095452
1 0.129273 0.603118 0.258019 0.232531