2 0.116745 0.318969 0.081648 0.115963
4 0.897487 0.348854 0.046141 0.124859
4 0.850001 0.297843 0.031307 0.088492
4 0.459313 0.295090 0.044315 0.099710
4 0.814045 0.370474 0.045004 0.111079
4 0.668433 0.306623 0.041814 0.094887
4 0.929987 0.283925 0.033728 0.109885
4 0.603758 0.282181 0.028427 0.092330
4 0.177073 0.309894 0.038536 0.101785
5 0.690302 0.047162 0.010858 0.017105
5 0.670072 0.046401 0.011044 0.016604
5 0.732863 0.046667 0.010098 0.015306
5 0.754340 0.046349 0.010534 0.016322
5 0.776438 0.045589 0.010581 0.016263
3 0.177967 0.309917 0.037780 0.102637
5 0.650138 0.047067 0.011277 0.017572
5 0.799258 0.045608 0.011667 0.017299
5 0.919241 0.042969 0.010665 0.017209
5 0.711584 0.046850 0.009404 0.015318
5 0.629607 0.047942 0.009724 0.015804
5 0.821967 0.045046 0.010785 0.016485
5 0.845740 0.045151 0.010748 0.016892
5 0.944619 0.042910 0.010445 0.016115
5 0.869664 0.044210 0.011274 0.017456
5 0.971086 0.043312 0.010786 0.017655
5 0.893997 0.044104 0.010855 0.017944
5 0.610350 0.049312 0.009676 0.016220