2 0.223097 0.293493 0.083200 0.113954
4 0.798373 0.355385 0.040606 0.167774
4 0.503846 0.334969 0.038792 0.124374
6 0.587554 0.256859 0.022838 0.102957
6 0.661347 0.812317 0.075645 0.312155
4 0.969658 0.265092 0.039854 0.109695
4 0.629815 0.281742 0.034783 0.144219
4 0.723678 0.265249 0.029131 0.099659
4 0.898001 0.328794 0.048457 0.150437
4 0.558052 0.313407 0.036480 0.138006
4 0.879126 0.299213 0.037833 0.116794
3 0.320399 0.277974 0.034846 0.122454
5 0.696027 0.024189 0.009084 0.013480
5 0.715801 0.024059 0.009702 0.014270
5 0.756792 0.022789 0.010246 0.014682
5 0.777622 0.023152 0.010031 0.015194
5 0.938148 0.020725 0.009934 0.015661
5 0.889872 0.021774 0.009955 0.016297
5 0.913387 0.021261 0.010078 0.016308
5 0.989448 0.020168 0.012431 0.020452
5 0.676937 0.025521 0.008729 0.013199
4 0.657862 0.302703 0.043788 0.108864
5 0.735906 0.023110 0.009112 0.013808
5 0.822047 0.021141 0.008970 0.016056
5 0.843382 0.021643 0.009665 0.017610
4 0.320816 0.278450 0.034332 0.123932
5 0.658397 0.025589 0.008792 0.012729
5 0.963171 0.020640 0.010407 0.016915
5 0.866254 0.021553 0.009174 0.017750
5 0.799464 0.022879 0.009215 0.015240
5 0.821077 0.022549 0.009570 0.014552
4 0.762697 0.247299 0.025684 0.085125