4 0.616795 0.586739 0.051966 0.189698
4 0.358366 0.569273 0.052639 0.213390
4 0.528909 0.395485 0.040040 0.108074
4 0.795254 0.532923 0.051364 0.156595
4 0.485817 0.455223 0.041227 0.108347
6 0.940122 0.395585 0.027061 0.081553
4 0.278153 0.459264 0.041857 0.122562
4 0.208920 0.440250 0.039579 0.137816
4 0.492977 0.400950 0.036623 0.087053
2 0.348620 0.363060 0.066514 0.091053
5 0.037191 0.723465 0.017105 0.019246
5 0.173864 0.009754 0.015169 0.019507
5 0.970552 0.178837 0.011221 0.017204
5 0.993895 0.179944 0.010866 0.018476
5 0.948379 0.178189 0.011716 0.017031
5 0.927094 0.177193 0.010774 0.016072
5 0.905725 0.174968 0.009658 0.017246
3 0.335459 0.385222 0.050679 0.066354
4 0.335821 0.383626 0.050536 0.072432
7 0.348620 0.363060 0.066514 0.072842
