2 0.052306 0.326190 0.101412 0.130107
4 0.264186 0.454870 0.053149 0.143582
4 0.502593 0.454603 0.045369 0.159179
4 0.163426 0.366319 0.051011 0.147712
4 0.718113 0.312393 0.052464 0.155845
4 0.871852 0.581031 0.056271 0.214088
4 0.851503 0.352356 0.054557 0.107658
4 0.378283 0.326686 0.038113 0.123003
4 0.481231 0.313574 0.035986 0.118804
4 0.442529 0.274777 0.025260 0.111922
4 0.564543 0.274613 0.037788 0.085047
5 0.433008 0.646821 0.008570 0.011307
5 0.404285 0.358573 0.006682 0.008765
3 0.142547 0.318947 0.043448 0.127388
1 0.322304 0.367672 0.090759 0.117338
5 0.773496 0.376254 0.009955 0.016652