2 0.231309 0.347067 0.086950 0.125805
4 0.970327 0.491855 0.059345 0.231331
6 0.039559 0.435423 0.043645 0.177063
4 0.605393 0.410539 0.044439 0.155747
4 0.520336 0.332772 0.037246 0.118334
3 0.298639 0.347494 0.039782 0.093685
4 0.874992 0.270467 0.036588 0.107527
4 0.660771 0.365582 0.036009 0.131676
4 0.600986 0.268244 0.034335 0.097858
4 0.432115 0.361673 0.035132 0.125000
4 0.462557 0.362776 0.041258 0.135684
5 0.719983 0.024566 0.010624 0.015177
5 0.807571 0.015668 0.009966 0.016415
5 0.740419 0.023180 0.010280 0.014741
5 0.784854 0.018568 0.009983 0.016671
4 0.456889 0.313050 0.034394 0.100215
5 0.424143 0.052340 0.010364 0.016272
5 0.699311 0.026420 0.009615 0.015041
5 0.659362 0.030744 0.009419 0.015203
5 0.762357 0.020857 0.009630 0.015354