4 0.807142 0.420094 0.055017 0.144162
2 0.407898 0.267208 0.081265 0.110037
4 0.126127 0.460737 0.058700 0.154136
4 0.322580 0.415042 0.055489 0.152176
4 0.668051 0.297161 0.045496 0.097514
4 0.527396 0.293604 0.032989 0.103928
4 0.224053 0.531920 0.061966 0.149115
4 0.520396 0.256854 0.036992 0.106683
3 0.424169 0.283059 0.047590 0.098362
6 0.423220 0.285848 0.047702 0.096971
1 0.302239 0.593216 0.604478 0.792755
5 0.847817 0.553580 0.018686 0.015820
5 0.753388 0.301818 0.020520 0.014370
4 0.210657 0.823061 0.202811 0.346188