2 0.346386 0.357091 0.060337 0.089209
4 0.408312 0.481452 0.040472 0.152366
4 0.307380 0.391865 0.039011 0.114122
4 0.630794 0.403033 0.028597 0.118435
4 0.460692 0.352346 0.031035 0.093921
4 0.810936 0.365892 0.031734 0.090141
4 0.786314 0.348204 0.031351 0.096169
6 0.012079 0.429729 0.024044 0.129834
4 0.399103 0.371467 0.029914 0.079686
4 0.671782 0.344226 0.024307 0.087790
5 0.043476 0.749285 0.019512 0.021342
5 0.980535 0.394121 0.008911 0.013095
4 0.403593 0.350890 0.028670 0.091194
5 0.858924 0.124265 0.008430 0.013596
5 0.920633 0.123584 0.009475 0.014390
5 0.965230 0.121867 0.009562 0.014762
5 0.879216 0.123935 0.008344 0.012837
5 0.988440 0.120823 0.011640 0.017631
5 0.899734 0.124659 0.008451 0.014152
5 0.942756 0.122664 0.009478 0.014354
1 0.355794 0.043985 0.703778 0.087970
3 0.402096 0.353430 0.031530 0.097022
4 0.987369 0.358460 0.025262 0.078469