2 0.141917 0.292948 0.085178 0.110765
4 0.347660 0.316786 0.040188 0.130732
4 0.871960 0.313756 0.041379 0.112417
4 0.236684 0.312916 0.037346 0.114427
4 0.728366 0.326034 0.045358 0.122110
4 0.799981 0.343049 0.039322 0.137876
4 0.566746 0.290216 0.038499 0.132927
4 0.514853 0.330345 0.030536 0.124289
4 0.425488 0.327838 0.031081 0.130021
4 0.461304 0.316613 0.031439 0.127137
4 0.389291 0.324347 0.040916 0.143981
5 0.902459 0.035488 0.009847 0.015474
5 0.927567 0.035367 0.009785 0.014934
4 0.388228 0.335933 0.032734 0.126536
5 0.877979 0.035196 0.010274 0.016111
5 0.807638 0.034644 0.009553 0.014370
5 0.719760 0.033840 0.009480 0.013470
5 0.953569 0.035119 0.010017 0.015222
5 0.854193 0.034865 0.009355 0.014598
5 0.784999 0.035158 0.009240 0.014005
4 0.434562 0.289037 0.027177 0.130693
5 0.741070 0.034216 0.008918 0.012650
5 0.762926 0.033954 0.009434 0.013167
5 0.979871 0.036778 0.009721 0.015556
5 0.678446 0.033855 0.009877 0.014789
5 0.830880 0.034815 0.009155 0.015420
5 0.698945 0.034219 0.009252 0.014390
5 0.658420 0.033649 0.009381 0.014031