6 0.572249 0.694971 0.080436 0.275034
2 0.262356 0.379119 0.077133 0.111338
6 0.621056 0.332967 0.029370 0.091441
4 0.694281 0.336316 0.025200 0.109269
4 0.475851 0.372784 0.029968 0.111831
4 0.812354 0.386849 0.042920 0.151973
4 0.439949 0.375044 0.029221 0.114853
4 0.987455 0.324486 0.025091 0.129077
4 0.567827 0.328022 0.026752 0.108810
4 0.406896 0.371878 0.025559 0.117091
3 0.331999 0.356563 0.039434 0.108837
5 0.704806 0.611760 0.016375 0.014503
5 0.495384 0.007212 0.013125 0.014423
5 0.876681 0.068118 0.010072 0.015156
5 0.948066 0.061656 0.010052 0.016653
5 0.040035 0.008816 0.016691 0.017632
5 0.923805 0.064176 0.009565 0.015209
5 0.809846 0.073052 0.009946 0.016346
5 0.831531 0.070587 0.009776 0.014321
5 0.853940 0.069505 0.009291 0.014784
5 0.899846 0.067663 0.009096 0.014619
5 0.972920 0.058918 0.010456 0.016346