4 0.388581 0.380326 0.044852 0.133933
2 0.421892 0.330343 0.075892 0.101484
4 0.571624 0.317762 0.030116 0.088823
4 0.619844 0.370313 0.056818 0.106078
6 0.692453 0.269134 0.017952 0.088077
4 0.787217 0.310852 0.041740 0.084943
4 0.598960 0.341242 0.029598 0.110455
5 0.114215 0.755465 0.018634 0.020788
4 0.972571 0.311306 0.054857 0.069402
3 0.488122 0.316311 0.028397 0.122045
4 0.962095 0.300813 0.033020 0.086531
4 0.797598 0.289347 0.021905 0.083702
5 0.926986 0.063120 0.010154 0.015537
5 0.905875 0.064280 0.011132 0.017481
5 0.971914 0.062044 0.009911 0.016237
5 0.949532 0.062709 0.009709 0.015360
5 0.885294 0.064851 0.009642 0.015426