2 0.386710 0.328405 0.076132 0.105787
4 0.544373 0.411329 0.052416 0.147536
4 0.516498 0.429785 0.045889 0.155896
4 0.914475 0.330538 0.047202 0.092456
6 0.676479 0.262746 0.020065 0.080599
4 0.767468 0.278918 0.039761 0.076589
4 0.958687 0.361422 0.032014 0.106489
4 0.501099 0.312191 0.036387 0.103769
3 0.447584 0.328818 0.031582 0.098242
5 0.080443 0.761866 0.019798 0.024576
4 0.514596 0.333780 0.033612 0.099140
5 0.929894 0.051914 0.008808 0.014701
5 0.907651 0.051854 0.009345 0.015571
5 0.952814 0.051607 0.010159 0.017715