2 0.264093 0.376550 0.080596 0.113363
6 0.594477 0.302912 0.020801 0.088273
4 0.898259 0.365295 0.038354 0.116686
4 0.511541 0.352195 0.037623 0.109633
4 0.689912 0.322378 0.023898 0.086598
3 0.347565 0.364404 0.036080 0.107558
4 0.948292 0.313109 0.044386 0.096780
4 0.974854 0.345097 0.032687 0.104642
5 0.704053 0.611477 0.016832 0.014820
4 0.716970 0.305568 0.025933 0.055829
5 0.851341 0.349203 0.009686 0.011066
5 0.876740 0.068383 0.009662 0.014725
5 0.831916 0.070760 0.010405 0.016788
5 0.854160 0.069522 0.009116 0.014695
5 0.948336 0.062759 0.010413 0.016612
5 0.924084 0.065144 0.009794 0.015758
5 0.900068 0.067122 0.009685 0.014538