2 0.840552 0.297705 0.081647 0.112855
4 0.737743 0.330878 0.037435 0.139380
0 0.054705 0.573111 0.108565 0.246644
4 0.649776 0.255014 0.027176 0.092073
6 0.277856 0.257870 0.035280 0.111860
3 0.768415 0.306954 0.037465 0.072416
4 0.983463 0.341424 0.030752 0.113071
4 0.062906 0.306900 0.043909 0.158593
4 0.711502 0.293951 0.026942 0.112280
4 0.062744 0.330555 0.044983 0.113822
1 0.055379 0.575041 0.109953 0.251578
5 0.159044 0.020098 0.009159 0.015388
4 0.530892 0.241529 0.092359 0.181349
4 0.545105 0.241288 0.063572 0.182610
5 0.180672 0.022905 0.008465 0.015938
5 0.242836 0.027059 0.010260 0.016989