2 0.113381 0.423488 0.102050 0.132889
4 0.523079 0.430546 0.046523 0.141762
4 0.293213 0.423153 0.040930 0.125745
3 0.221262 0.414722 0.052849 0.113874
4 0.869203 0.432647 0.033407 0.143028
4 0.378181 0.487473 0.051006 0.118619
4 0.497191 0.387988 0.041353 0.091960
4 0.580025 0.388619 0.035143 0.113922
4 0.656290 0.363798 0.034505 0.081869
6 0.979611 0.846785 0.040074 0.284386
4 0.544486 0.363527 0.030768 0.122487
4 0.383744 0.432649 0.049132 0.101086
1 0.371688 0.444012 0.076569 0.103377
4 0.591305 0.345692 0.029079 0.085093
5 0.465836 0.450534 0.005867 0.008841
5 0.492938 0.711317 0.010155 0.013415
1 0.401051 0.442262 0.136155 0.100788