2 0.195592 0.378792 0.083194 0.109471
6 0.681763 0.486739 0.048950 0.189899
4 0.469999 0.380613 0.032525 0.128390
6 0.573990 0.336032 0.019633 0.094995
4 0.838379 0.351009 0.020577 0.103510
4 0.554921 0.358255 0.021610 0.104644
4 0.380588 0.372090 0.025157 0.118224
4 0.511534 0.342902 0.030210 0.115391
4 0.667836 0.322353 0.023156 0.091921
4 0.405988 0.382523 0.028681 0.124645
5 0.784231 0.107537 0.008729 0.014745
6 0.290676 0.358848 0.036283 0.120465
5 0.850907 0.104350 0.010265 0.015813
5 0.721263 0.108718 0.008506 0.014823
5 0.828542 0.107064 0.009126 0.015433
5 0.741828 0.107535 0.008926 0.015003
5 0.898289 0.103616 0.010188 0.016348
5 0.922434 0.102965 0.010086 0.016073
5 0.806169 0.106668 0.009400 0.016818
5 0.762558 0.107157 0.009605 0.016036
5 0.874561 0.104070 0.010566 0.017279
5 0.701130 0.108818 0.009160 0.013764
4 0.393663 0.344682 0.020992 0.129199
5 0.947282 0.102511 0.010322 0.016383
5 0.681642 0.109655 0.008050 0.015126
5 0.973053 0.101404 0.010323 0.016003
4 0.644579 0.442068 0.034294 0.153441
4 0.289976 0.358700 0.035746 0.120536