4 0.217040 0.477722 0.062950 0.144978
4 0.584400 0.551189 0.048241 0.192660
4 0.627085 0.590891 0.071308 0.209231
2 0.475629 0.381940 0.075347 0.103099
4 0.847828 0.439153 0.053615 0.121506
4 0.411169 0.567954 0.061725 0.155731
4 0.667191 0.416122 0.044352 0.105151
4 0.407201 0.458104 0.053330 0.124243
4 0.606807 0.404046 0.033550 0.104288
4 0.741633 0.387295 0.035991 0.112771
3 0.521184 0.393809 0.049209 0.080378
6 0.218397 0.610948 0.046974 0.119354
5 0.928354 0.671828 0.019835 0.017844
5 0.991000 0.110475 0.010543 0.018746
5 0.150204 0.817755 0.021216 0.022619
5 0.968712 0.110944 0.009513 0.017487
5 0.283557 0.011425 0.016258 0.022849
7 0.475629 0.381940 0.075347 0.082479
