2 0.649181 0.475101 0.061745 0.077052
6 0.473322 0.621525 0.038872 0.161587
4 0.188059 0.566880 0.037254 0.112917
4 0.468801 0.521325 0.033278 0.090051
4 0.584977 0.499165 0.024330 0.069822
4 0.436269 0.512926 0.023871 0.076268
4 0.328151 0.493471 0.034667 0.096143
4 0.600895 0.479491 0.020037 0.067586
4 0.498722 0.477731 0.028694 0.086830
4 0.168536 0.510359 0.023822 0.075642
5 0.239441 0.111445 0.016105 0.018217
5 0.089943 0.319893 0.008573 0.014703
5 0.108387 0.319894 0.009073 0.015546
5 0.113365 0.107558 0.012190 0.015026
5 0.126696 0.319490 0.007877 0.012857
5 0.070777 0.320699 0.008236 0.013275
5 0.008798 0.322603 0.011018 0.016846
5 0.668260 0.127182 0.012711 0.021525
1 0.037078 0.788754 0.074026 0.203137
5 0.030620 0.321854 0.008914 0.013864
5 0.316163 0.540185 0.008781 0.013467
0 0.037411 0.782884 0.074822 0.196562
7 0.649181 0.475101 0.061745 0.061642
