4 0.815761 0.652882 0.061712 0.161233
2 0.526289 0.379626 0.061270 0.088028
4 0.671686 0.408925 0.030483 0.085803
4 0.481390 0.405996 0.027927 0.094487
6 0.754099 0.353265 0.018754 0.090121
4 0.800708 0.429698 0.037376 0.110402
4 0.440599 0.374824 0.031817 0.102791
4 0.605888 0.451742 0.034514 0.096326
3 0.525588 0.393443 0.032922 0.072014
4 0.607160 0.394447 0.032216 0.088303
5 0.417687 0.205236 0.012012 0.020902
5 0.201402 0.467620 0.009753 0.012522
4 0.384132 0.400042 0.110949 0.107239
1 0.486636 0.213635 0.742736 0.427271
5 0.363146 0.276870 0.011726 0.018703
4 0.416770 0.396187 0.036784 0.081373