4 0.417329 0.380059 0.040153 0.130059
4 0.262046 0.297886 0.042133 0.097052
4 0.546725 0.346339 0.033766 0.133030
4 0.468217 0.276416 0.024363 0.076205
4 0.384383 0.273328 0.034560 0.064001
4 0.409075 0.274560 0.028400 0.089890
3 0.612275 0.298836 0.027390 0.073906
4 0.513998 0.253721 0.050604 0.058422
2 0.652266 0.313092 0.061648 0.058068
5 0.743263 0.895377 0.014146 0.016521
5 0.689266 0.415150 0.007197 0.010776
1 0.310535 0.263805 0.090868 0.017192
5 0.374649 0.542857 0.008335 0.014464
7 0.652266 0.313092 0.061648 0.046454
