2 0.454773 0.280343 0.092551 0.124371
4 0.777049 0.230764 0.042587 0.140150
4 0.600692 0.344561 0.051699 0.121638
4 0.613049 0.293972 0.051047 0.119161
4 0.673657 0.353478 0.047367 0.141570
4 0.470785 0.455561 0.067060 0.171387
4 0.370017 0.416825 0.084421 0.178824
4 0.145302 0.447356 0.044827 0.173688
4 0.487121 0.672475 0.082133 0.282204
4 0.981547 0.417068 0.036906 0.197244
6 0.387019 0.433894 0.051291 0.222694
4 0.180902 0.580446 0.052701 0.182453
6 0.371381 0.436280 0.082567 0.217904
5 0.919671 0.500883 0.012284 0.016235
5 0.813900 0.578918 0.010252 0.012128
4 0.463208 0.292459 0.049291 0.137393