2 0.113358 0.433523 0.102548 0.132022
4 0.552224 0.443692 0.043156 0.138657
4 0.320081 0.431573 0.039844 0.123054
4 0.386128 0.433367 0.036328 0.122071
4 0.499629 0.399708 0.046158 0.098654
3 0.214831 0.421016 0.044695 0.130862
4 0.394694 0.475957 0.041086 0.146650
4 0.585808 0.394378 0.034573 0.131820
4 0.544126 0.374317 0.032749 0.125959
6 0.979607 0.853103 0.040105 0.283238
4 0.894511 0.430799 0.034008 0.128777
4 0.901685 0.429378 0.047366 0.130481
5 0.493486 0.721903 0.010643 0.013619
4 0.914158 0.364957 0.040248 0.124236
4 0.488063 0.381576 0.082634 0.134935