2 0.260556 0.355696 0.073338 0.105171
4 0.940418 0.387095 0.045014 0.137238
4 0.348862 0.344390 0.051437 0.094874
4 0.844867 0.455299 0.050526 0.200648
4 0.447690 0.356904 0.032664 0.108425
4 0.201739 0.394947 0.035169 0.127081
6 0.813997 0.733313 0.054690 0.322992
4 0.586704 0.352175 0.036508 0.106901
4 0.392625 0.344046 0.033225 0.090678
4 0.171364 0.376729 0.040661 0.129071
5 0.701817 0.607309 0.017560 0.017773
5 0.946078 0.070912 0.011941 0.019846
4 0.321615 0.361961 0.064680 0.083435
5 0.970984 0.070330 0.012537 0.020816
6 0.675226 0.292728 0.020477 0.082792
5 0.995202 0.069127 0.009596 0.020236
5 0.567634 0.089717 0.009140 0.017185
4 0.059433 0.798933 0.118521 0.394400
7 0.260556 0.355696 0.073338 0.084137
