2 0.072235 0.412745 0.086835 0.113519
6 0.433194 0.724034 0.081402 0.237429
4 0.396901 0.378904 0.027685 0.117944
4 0.605167 0.400660 0.029776 0.105967
4 0.537818 0.462526 0.040577 0.142788
4 0.289801 0.426959 0.039476 0.101498
4 0.348032 0.422514 0.034421 0.114743
4 0.341362 0.367186 0.027816 0.086803
4 0.465171 0.382812 0.033777 0.110685
4 0.560380 0.354472 0.024675 0.092952
5 0.891951 0.132198 0.010616 0.014712
5 0.663917 0.138625 0.009986 0.015649
5 0.685004 0.138384 0.009799 0.015456
5 0.917111 0.132432 0.010069 0.014656
5 0.867325 0.133175 0.011386 0.016447
5 0.942446 0.133108 0.010144 0.015928
5 0.819070 0.134925 0.011635 0.017663
5 0.795274 0.135014 0.010901 0.016966
5 0.842867 0.134301 0.011171 0.017023
5 0.584482 0.140415 0.009881 0.016260
5 0.968923 0.133858 0.011052 0.017646
5 0.604002 0.140089 0.010013 0.016558
5 0.750065 0.135827 0.011774 0.018555
5 0.994730 0.133749 0.010540 0.017743
5 0.772266 0.135169 0.010668 0.016932
5 0.643523 0.139095 0.011343 0.018173
5 0.706206 0.137560 0.010380 0.016081
5 0.623190 0.139527 0.010473 0.016916
5 0.727377 0.136364 0.010284 0.016706
4 0.458708 0.358037 0.057276 0.078943
4 0.549361 0.363566 0.047988 0.074506
6 0.149892 0.396058 0.038249 0.119073
4 0.151008 0.396613 0.039911 0.120271
5 0.565629 0.141205 0.009872 0.016359