2 0.419037 0.350712 0.078747 0.101954
4 0.836051 0.420592 0.049842 0.131831
6 0.916825 0.342037 0.026515 0.091557
4 0.596526 0.389595 0.042845 0.104490
4 0.631508 0.362328 0.031348 0.108312
3 0.466129 0.361156 0.045750 0.083350
4 0.681016 0.354306 0.026050 0.106622
4 0.810101 0.356659 0.052312 0.103436
5 0.950982 0.118527 0.011057 0.017427
5 0.908255 0.117820 0.009725 0.016566
5 0.929453 0.118490 0.010239 0.016226
5 0.100685 0.761157 0.018491 0.024410
5 0.973743 0.119644 0.010934 0.017175
5 0.887593 0.116169 0.010817 0.017704
5 0.995629 0.121093 0.008742 0.017632
4 0.825959 0.357395 0.023566 0.102286
5 0.675211 0.008095 0.015223 0.016190
5 0.237079 0.222061 0.016056 0.023624
6 0.987358 0.849791 0.024926 0.296990