2 0.339213 0.392020 0.080358 0.105111
6 0.231962 0.498365 0.035071 0.169641
4 0.372699 0.435072 0.033819 0.123994
4 0.634441 0.351785 0.026775 0.082487
4 0.821468 0.443241 0.035041 0.148175
4 0.896368 0.422257 0.034428 0.114087
4 0.808331 0.378035 0.022914 0.092922
3 0.350075 0.385607 0.025189 0.107344
4 0.513874 0.416380 0.029087 0.115618
5 0.989527 0.145152 0.010904 0.016229
4 0.505404 0.415099 0.043155 0.118988
5 0.941912 0.143848 0.010416 0.014057
5 0.896738 0.143542 0.010210 0.015587
4 0.497050 0.404137 0.026107 0.072138
1 0.353748 0.042693 0.692073 0.085387
5 0.965288 0.144980 0.010267 0.014740
1 0.270517 0.626373 0.541033 0.742527