2 0.340264 0.427324 0.077071 0.104180
4 0.677996 0.512248 0.051063 0.160019
4 0.025020 0.511490 0.050020 0.148484
4 0.756312 0.496386 0.031977 0.138636
6 0.224114 0.533583 0.032230 0.168499
4 0.511094 0.444527 0.032634 0.127361
4 0.825254 0.426965 0.023289 0.100948
4 0.416516 0.467712 0.036127 0.095408
4 0.738880 0.395554 0.027078 0.090632
3 0.342627 0.423384 0.035205 0.108043
5 0.895193 0.182751 0.010346 0.016226
5 0.917512 0.183853 0.010523 0.016461
5 0.851976 0.181812 0.010020 0.015902
5 0.940480 0.184200 0.010267 0.015467
5 0.873369 0.182107 0.010106 0.015425
5 0.150826 0.040371 0.016647 0.025848
5 0.963380 0.184585 0.010759 0.016493
5 0.831332 0.182201 0.010195 0.015891
5 0.810926 0.182729 0.009405 0.015459
5 0.791482 0.182228 0.009465 0.015614
5 0.987825 0.185136 0.011399 0.017308
4 0.802514 0.410134 0.052252 0.063069
5 0.772091 0.181705 0.009240 0.014660
5 0.633522 0.182839 0.010445 0.017987
5 0.355974 0.018078 0.012445 0.018251