6 0.889374 0.580410 0.063567 0.223218
2 0.262221 0.355187 0.081547 0.110200
4 0.867664 0.452369 0.040840 0.168253
4 0.833173 0.414352 0.033836 0.149829
4 0.661853 0.345552 0.029778 0.117782
6 0.383917 0.333289 0.027145 0.102863
4 0.883130 0.360350 0.031902 0.117034
4 0.543796 0.350628 0.029074 0.124413
4 0.478091 0.362391 0.036530 0.124435
4 0.318769 0.378304 0.030001 0.132481
4 0.811677 0.353349 0.029651 0.108361
4 0.359695 0.355194 0.029257 0.112366
5 0.880446 0.098018 0.011098 0.017916
5 0.857842 0.098558 0.010310 0.016161
5 0.927009 0.097256 0.011568 0.017448
5 0.951101 0.096830 0.011674 0.017799
5 0.903201 0.098568 0.010534 0.016842
3 0.325860 0.337190 0.028333 0.117783
5 0.835642 0.097168 0.010939 0.018258
5 0.976006 0.097669 0.011595 0.016604
5 0.925015 0.372616 0.011128 0.017489
5 0.814016 0.097391 0.010495 0.017217
5 0.793309 0.096685 0.011632 0.019502
5 0.772005 0.096999 0.010368 0.017110
5 0.701355 0.620450 0.016975 0.018865
7 0.262221 0.355187 0.081547 0.088160
