2 0.634380 0.241798 0.070173 0.088155
4 0.405469 0.391762 0.037456 0.152417
4 0.746683 0.232530 0.039603 0.082122
4 0.500870 0.240969 0.024943 0.090062
4 0.716269 0.224029 0.036658 0.081093
4 0.363780 0.254241 0.034910 0.091152
4 0.448012 0.280555 0.033175 0.097422
4 0.886408 0.311010 0.043321 0.123122
4 0.555051 0.240994 0.030255 0.098027
4 0.079667 0.332362 0.040334 0.126260
3 0.620703 0.244479 0.044936 0.074797
6 0.952827 0.246166 0.026142 0.100146
4 0.621215 0.244757 0.045481 0.075100
5 0.106324 0.045092 0.012245 0.020709
5 0.068220 0.046691 0.009446 0.017493
5 0.779198 0.269812 0.007508 0.009961