2 0.277112 0.242985 0.079217 0.114024
4 0.636461 0.284196 0.038514 0.147273
4 0.971222 0.247640 0.037703 0.129394
6 0.599290 0.170703 0.022559 0.080159
4 0.764700 0.232675 0.048024 0.103017
4 0.473823 0.230176 0.026133 0.100601
4 0.943215 0.225980 0.030050 0.116066
4 0.449840 0.219296 0.037188 0.077138
4 0.519700 0.234253 0.043162 0.106596
3 0.339239 0.229101 0.029058 0.116689
5 0.616063 0.219004 0.007003 0.010793
5 0.358797 0.248401 0.008275 0.014370
3 0.318156 0.048491 0.105357 0.096981
7 0.277112 0.242985 0.079217 0.091219
