2 0.963395 0.336491 0.072171 0.094645
4 0.624430 0.457442 0.063356 0.110727
4 0.488232 0.542967 0.075082 0.159200
4 0.848407 0.523285 0.058463 0.154830
4 0.745241 0.495163 0.055303 0.144488
4 0.301959 0.578847 0.071296 0.159480
4 0.737557 0.365531 0.036155 0.111382
4 0.327642 0.385884 0.040246 0.099321
5 0.116796 0.087637 0.009415 0.014829
3 0.955396 0.330528 0.034268 0.097008
5 0.043174 0.085492 0.010366 0.016267
5 0.068173 0.085547 0.010077 0.016159
5 0.092707 0.085962 0.010207 0.015913
5 0.885537 0.128044 0.012560 0.020173
5 0.208433 0.089525 0.009661 0.017274
5 0.017086 0.084649 0.010318 0.017296
5 0.229547 0.091558 0.009893 0.018354