2 0.078703 0.313210 0.087950 0.115140
4 0.966691 0.779418 0.066617 0.305038
4 0.284156 0.348368 0.038278 0.131274
4 0.925572 0.442100 0.049348 0.144465
4 0.666829 0.353800 0.057173 0.077846
4 0.362814 0.308930 0.033556 0.109494
4 0.425326 0.373337 0.040111 0.130841
4 0.542061 0.312382 0.039169 0.105539
4 0.712630 0.335291 0.041591 0.082555
5 0.933757 0.091321 0.010723 0.017044
5 0.959480 0.093408 0.011051 0.018050
4 0.160082 0.316738 0.046268 0.107258
5 0.858826 0.087515 0.011557 0.019061
5 0.908256 0.090320 0.010882 0.016588
3 0.160408 0.315676 0.046908 0.103394
5 0.883388 0.088505 0.011503 0.018165
5 0.631999 0.385229 0.012263 0.020436
5 0.986292 0.095393 0.011559 0.018558
5 0.835095 0.086171 0.010899 0.018181
5 0.811584 0.084674 0.011478 0.019837
5 0.788168 0.083887 0.010633 0.018659