2 0.399804 0.334106 0.076773 0.108707
4 0.577062 0.334395 0.031327 0.103239
6 0.697373 0.265526 0.018964 0.082681
4 0.553568 0.279961 0.029489 0.073532
4 0.490002 0.372097 0.043241 0.121052
3 0.418806 0.319009 0.027093 0.092775
4 0.780557 0.296494 0.042770 0.078963
4 0.460500 0.386783 0.029012 0.132207
4 0.584990 0.300301 0.023719 0.093349
5 0.093897 0.768010 0.019946 0.020546
5 0.814762 0.333117 0.010069 0.016812
4 0.460443 0.337044 0.025490 0.113308
5 0.944357 0.057369 0.010303 0.015067
5 0.990288 0.057153 0.011876 0.018995
4 0.787174 0.290767 0.048196 0.078256
3 0.459444 0.332361 0.024415 0.103556
5 0.921785 0.058601 0.009524 0.015104
5 0.966960 0.057959 0.009820 0.016599