6 0.948430 0.691960 0.094954 0.239400
4 0.908844 0.374463 0.053614 0.092291
4 0.568501 0.446317 0.057120 0.149966
6 0.626857 0.311261 0.022704 0.086674
4 0.813485 0.356922 0.039223 0.108080
4 0.400730 0.391219 0.048951 0.112504
4 0.479302 0.347842 0.030466 0.107101
4 0.675807 0.384427 0.038933 0.100608
4 0.862890 0.510160 0.061113 0.159447
4 0.536099 0.372482 0.034211 0.094473
2 0.262457 0.351414 0.081945 0.116647
3 0.310539 0.355091 0.038557 0.103738
4 0.867257 0.394453 0.047233 0.103773
5 0.810019 0.705965 0.017678 0.026681
5 0.927396 0.096322 0.010157 0.016088
5 0.903475 0.096868 0.009880 0.016280
5 0.857944 0.096893 0.009892 0.015266
5 0.880765 0.096060 0.010044 0.016384
5 0.951344 0.095621 0.011768 0.017959
5 0.976013 0.096257 0.011251 0.016567
5 0.835550 0.096371 0.010249 0.016589
5 0.813818 0.095342 0.010999 0.017451
5 0.772144 0.096420 0.009821 0.016098
5 0.792981 0.095404 0.009508 0.015791