4 0.592949 0.531772 0.064859 0.143094
2 0.302732 0.384672 0.079328 0.108888
4 0.836253 0.395979 0.039909 0.083178
4 0.427067 0.384689 0.028837 0.103678
4 0.632246 0.396954 0.029846 0.123728
4 0.397773 0.361317 0.027789 0.104380
4 0.501280 0.357640 0.025628 0.087958
4 0.559722 0.411155 0.032428 0.124771
4 0.709161 0.382379 0.041797 0.093337
4 0.602709 0.344772 0.022113 0.071303
4 0.368094 0.379381 0.029936 0.101600
3 0.368012 0.380732 0.029750 0.101372
5 0.945626 0.134517 0.010317 0.015891
5 0.921936 0.134491 0.010727 0.015077
5 0.876766 0.133919 0.010716 0.016490
6 0.985504 0.772688 0.028948 0.354994
5 0.854790 0.134018 0.011364 0.016701
5 0.899274 0.134275 0.010396 0.015614
5 0.812729 0.133666 0.011396 0.017140
5 0.969556 0.134444 0.011809 0.017571
5 0.833411 0.133607 0.010670 0.015899
5 0.993911 0.135185 0.011627 0.020164
5 0.791801 0.134239 0.011044 0.016703
5 0.771882 0.134456 0.011127 0.017090
5 0.834444 0.132729 0.010014 0.019781
1 0.334222 0.044257 0.668394 0.088513
5 0.734385 0.133838 0.010482 0.018429
5 0.752801 0.134555 0.010295 0.015805