2 0.622593 0.440865 0.053246 0.072027
4 0.793049 0.543718 0.038131 0.113035
4 0.581649 0.454821 0.024752 0.098683
4 0.516404 0.511308 0.026065 0.115699
4 0.668165 0.500123 0.028374 0.105548
6 0.229645 0.462516 0.026273 0.120668
6 0.746553 0.467715 0.018327 0.095080
4 0.322179 0.486706 0.029956 0.110084
4 0.516832 0.421019 0.021935 0.073126
4 0.531087 0.434870 0.024738 0.083636
4 0.670931 0.446320 0.027769 0.095871
5 0.654145 0.101779 0.013790 0.018951
5 0.717823 0.700840 0.016022 0.019156
5 0.222927 0.043411 0.015532 0.020218
1 0.612322 0.110258 0.744090 0.220516
3 0.619515 0.444019 0.034085 0.065040
5 0.449772 0.179294 0.015197 0.016809
5 0.559762 0.278264 0.010371 0.017664
5 0.053042 0.235321 0.008846 0.014023
7 0.622593 0.440865 0.053246 0.057622
