2 0.175344 0.355866 0.070379 0.105581
4 0.979533 0.350238 0.040915 0.124860
4 0.359711 0.352449 0.047527 0.093053
3 0.213202 0.361065 0.034779 0.073481
4 0.285682 0.354315 0.038537 0.081631
4 0.478310 0.335873 0.031222 0.101675
4 0.393856 0.362585 0.027782 0.092852
4 0.520870 0.290272 0.029846 0.093940
4 0.714871 0.380212 0.039373 0.121827
4 0.321477 0.310987 0.027256 0.078711
4 0.672931 0.286082 0.033042 0.109041
5 0.925924 0.025468 0.010419 0.015433
4 0.769973 0.262885 0.032952 0.089114
5 0.902658 0.029391 0.009249 0.014478
4 0.887251 0.262174 0.060609 0.071759
5 0.857689 0.034804 0.010780 0.015952
5 0.772737 0.046684 0.010593 0.016937
5 0.949902 0.023814 0.010139 0.016219
5 0.793281 0.043793 0.010472 0.019223
5 0.814158 0.040677 0.009588 0.016007
5 0.879691 0.032342 0.009028 0.013429
5 0.974467 0.021270 0.010665 0.017693
5 0.752918 0.048603 0.010194 0.016450