2 0.161591 0.431609 0.076120 0.093056
6 0.533396 0.881704 0.059138 0.203515
4 0.474136 0.439992 0.036987 0.074828
4 0.795273 0.454542 0.029657 0.079332
4 0.736458 0.504303 0.034225 0.107714
4 0.303367 0.429173 0.030529 0.102419
4 0.373057 0.422842 0.029544 0.088215
3 0.193381 0.428550 0.038458 0.075988
4 0.270320 0.434249 0.037150 0.086362
4 0.357378 0.387858 0.032478 0.075046
4 0.406089 0.428356 0.022345 0.077728
4 0.631077 0.430628 0.023535 0.080473
5 0.946067 0.260366 0.011464 0.017790
5 0.900920 0.257210 0.010940 0.017078
5 0.815794 0.250009 0.010116 0.016595
5 0.836537 0.251107 0.009645 0.016282
5 0.923141 0.258447 0.009776 0.015935
5 0.969564 0.261686 0.011274 0.017899
5 0.157091 0.057845 0.014018 0.019082
5 0.857512 0.253166 0.010311 0.015885
5 0.878897 0.255058 0.009958 0.015414
0 0.971596 0.736661 0.056808 0.203195
5 0.795399 0.249139 0.009986 0.016509
5 0.993384 0.264511 0.011287 0.020584
4 0.856554 0.473697 0.053760 0.069227
5 0.775553 0.247471 0.010105 0.016290
5 0.756555 0.246748 0.010518 0.018322
6 0.295568 0.383678 0.016605 0.064691