2 0.344608 0.353415 0.068056 0.095652
4 0.311334 0.486513 0.052273 0.152625
4 0.956941 0.434541 0.048662 0.152449
4 0.573232 0.418955 0.036211 0.124198
4 0.669086 0.404443 0.040141 0.105724
4 0.401982 0.405736 0.043953 0.115825
4 0.588490 0.344588 0.026683 0.075192
4 0.426293 0.351998 0.021980 0.096767
6 0.062539 0.435718 0.038534 0.133355
4 0.756850 0.331743 0.030849 0.066871
4 0.402413 0.360144 0.031077 0.083965
5 0.045818 0.748449 0.017368 0.021114
3 0.402109 0.360121 0.031355 0.083390
5 0.990866 0.121910 0.011287 0.019304