2 0.073001 0.296495 0.089752 0.117696
4 0.607879 0.314325 0.034444 0.122371
4 0.266220 0.324828 0.035353 0.127188
3 0.153352 0.304589 0.046644 0.097028
4 0.488328 0.364150 0.045320 0.101779
4 0.945732 0.383615 0.058804 0.119281
4 0.444654 0.321151 0.031325 0.108473
4 0.587593 0.355744 0.066996 0.054054
4 0.421483 0.314269 0.035427 0.101616
5 0.878880 0.082418 0.011963 0.018007
5 0.903826 0.084873 0.011177 0.017693
5 0.981090 0.093033 0.011169 0.018381
5 0.928871 0.086970 0.010101 0.016378
5 0.854245 0.080996 0.010904 0.018251
5 0.954777 0.090233 0.010389 0.016895
5 0.531155 0.388336 0.012276 0.021399
5 0.807084 0.078108 0.010639 0.015947
5 0.614279 0.067297 0.010817 0.017107
5 0.830807 0.079629 0.010135 0.016655
5 0.595572 0.065149 0.009722 0.018892
5 0.634192 0.068000 0.013575 0.022083