2 0.112737 0.430424 0.101020 0.129798
4 0.472697 0.376325 0.048388 0.130506
4 0.309801 0.417720 0.031621 0.157011
4 0.558512 0.438422 0.045567 0.140170
4 0.389695 0.476812 0.039149 0.140542
3 0.199895 0.415059 0.037157 0.135179
4 0.596943 0.396312 0.030043 0.131861
6 0.978845 0.853250 0.041587 0.278695
4 0.879234 0.423630 0.037081 0.128582
4 0.389966 0.406243 0.038270 0.113093
4 0.551685 0.372877 0.052295 0.126368
5 0.492089 0.718945 0.010074 0.013328
4 0.544486 0.373838 0.037635 0.134268
5 0.306333 0.669782 0.013794 0.015739