2 0.387745 0.328007 0.077847 0.106689
4 0.591780 0.403561 0.038761 0.141432
4 0.785329 0.329188 0.044296 0.108533
4 0.565735 0.392666 0.039953 0.134572
4 0.519686 0.326757 0.032484 0.103449
6 0.689730 0.254882 0.020259 0.080690
4 0.714655 0.261512 0.024951 0.074294
4 0.480809 0.312094 0.043736 0.117960
5 0.082180 0.763315 0.020817 0.026490
3 0.456038 0.334525 0.034367 0.090581
5 0.907615 0.047104 0.010122 0.015252
5 0.952546 0.045992 0.010468 0.015900
4 0.455607 0.334316 0.033213 0.090158
5 0.929868 0.046427 0.009389 0.014877
5 0.975481 0.044615 0.010705 0.014642
4 0.469009 0.284261 0.026258 0.080173