2 0.338263 0.352716 0.068298 0.093761
4 0.400561 0.517170 0.047484 0.172673
4 0.507878 0.409723 0.030783 0.123246
4 0.862577 0.333253 0.034533 0.089112
4 0.424296 0.394955 0.029429 0.105850
4 0.601028 0.337778 0.021583 0.080727
4 0.794390 0.331856 0.022460 0.090997
3 0.399302 0.354344 0.026592 0.076159
4 0.440654 0.357225 0.020947 0.087373
4 0.768422 0.347707 0.044682 0.093805
4 0.453994 0.350383 0.024695 0.082069
5 0.960186 0.117571 0.010201 0.016689
4 0.459277 0.350393 0.036372 0.083006
5 0.937814 0.118143 0.009985 0.015374
5 0.983908 0.117282 0.011098 0.018281
5 0.916269 0.119260 0.009084 0.014320