4 0.830245 0.530833 0.040114 0.141454
2 0.184546 0.468390 0.075686 0.104694
6 0.020404 0.706562 0.040808 0.205693
4 0.448947 0.519617 0.036638 0.114901
4 0.286441 0.470934 0.022950 0.099590
4 0.302882 0.452918 0.032180 0.091199
4 0.532399 0.448487 0.027557 0.093346
4 0.395687 0.426768 0.021443 0.087628
3 0.244377 0.463697 0.029493 0.090270
4 0.421103 0.402412 0.016321 0.057359
5 0.049719 0.294686 0.015484 0.024309
5 0.785458 0.466163 0.010600 0.016166
1 0.623789 0.701893 0.682043 0.596214
7 0.184546 0.468390 0.075686 0.083755
