2 0.154559 0.505674 0.073284 0.100649
6 0.795355 0.731882 0.056055 0.220439
4 0.629718 0.635730 0.057882 0.145814
4 0.434350 0.581203 0.036823 0.102777
4 0.812923 0.527873 0.032914 0.093719
4 0.263173 0.529392 0.028327 0.097428
4 0.500311 0.495489 0.024548 0.095583
6 0.398363 0.465188 0.020385 0.099254
4 0.230114 0.556767 0.036103 0.115081
4 0.466724 0.519231 0.031776 0.087430
3 0.205493 0.504768 0.027615 0.082879
4 0.684829 0.515296 0.027613 0.078505
4 0.701101 0.503497 0.028220 0.068703
4 0.554144 0.472145 0.037508 0.071480
5 0.909161 0.293167 0.009979 0.017199
5 0.955255 0.293846 0.011844 0.020165
5 0.931877 0.292726 0.010969 0.018122
5 0.865426 0.291863 0.010285 0.016983
5 0.802468 0.291476 0.010784 0.017921
5 0.844225 0.290744 0.010474 0.016141
5 0.606431 0.604266 0.010266 0.016871
5 0.823097 0.291091 0.010569 0.016877
5 0.782747 0.291103 0.010588 0.017624
5 0.887358 0.292677 0.010213 0.018129
5 0.979309 0.293985 0.011952 0.019634
5 0.762843 0.290906 0.010757 0.017537
4 0.560670 0.472928 0.024195 0.070727
5 0.743474 0.290680 0.010432 0.019268
0 0.970064 0.752011 0.059686 0.191817