2 0.113710 0.431523 0.101624 0.133371
4 0.325007 0.428526 0.039874 0.124039
4 0.836757 0.366782 0.027848 0.108313
3 0.214931 0.413792 0.044173 0.139249
4 0.521485 0.441557 0.040513 0.134754
4 0.577968 0.390327 0.031744 0.116111
4 0.927282 0.429491 0.031502 0.130316
4 0.390197 0.433323 0.039485 0.113404
4 0.497003 0.398987 0.043203 0.091445
4 0.392938 0.479368 0.036692 0.135707
6 0.979178 0.850195 0.040939 0.285485
4 0.592774 0.354120 0.027852 0.085417
5 0.493310 0.720209 0.011426 0.013290
4 0.545415 0.371782 0.031643 0.125088
4 0.489316 0.379469 0.086639 0.130504
4 0.398712 0.434057 0.059060 0.112710
4 0.950381 0.384051 0.049646 0.075012
6 0.545147 0.372186 0.030573 0.127294
4 0.214814 0.414906 0.044374 0.139944