2 0.189531 0.389137 0.083517 0.114010
4 0.573493 0.426865 0.042095 0.129991
6 0.745054 0.726652 0.088128 0.282980
4 0.806964 0.476310 0.060815 0.173113
4 0.929051 0.351204 0.036487 0.086144
4 0.405924 0.336564 0.033374 0.098831
4 0.600669 0.330607 0.035432 0.087725
6 0.516755 0.313431 0.020269 0.078228
4 0.309763 0.398170 0.030519 0.111104
4 0.852623 0.340590 0.024828 0.095253
5 0.632015 0.631017 0.017527 0.018470
4 0.977764 0.342983 0.038988 0.090591
5 0.893771 0.095364 0.011264 0.018403
5 0.918466 0.093839 0.011515 0.018717
4 0.646630 0.336420 0.025901 0.071661
4 0.334725 0.375235 0.033537 0.096041
5 0.943355 0.092769 0.012337 0.019576
5 0.695988 0.105029 0.009524 0.015177
5 0.869852 0.096197 0.011397 0.017944
5 0.846724 0.097966 0.010301 0.015970
5 0.757510 0.101684 0.009817 0.015552
5 0.969150 0.092063 0.011928 0.019771
5 0.716339 0.103873 0.009418 0.014697
5 0.736841 0.102749 0.009596 0.015181
5 0.675895 0.107089 0.009273 0.014957
5 0.823660 0.099483 0.009666 0.014912
5 0.994819 0.090395 0.010362 0.018017
5 0.779099 0.101065 0.009598 0.014325
5 0.801427 0.100154 0.010187 0.014502
4 0.707299 0.322247 0.020667 0.090084
4 0.328451 0.376699 0.042591 0.094176
4 0.319783 0.376262 0.061021 0.093803
5 0.656831 0.107452 0.008022 0.014814
5 0.900999 0.545543 0.011015 0.017985
7 0.189531 0.389137 0.083517 0.091208
