2 0.050990 0.390988 0.086902 0.117526
6 0.667723 0.723001 0.075587 0.310319
4 0.636352 0.346233 0.029339 0.121783
6 0.349367 0.306952 0.019884 0.084013
4 0.694649 0.362671 0.033633 0.122912
4 0.151315 0.400645 0.030963 0.128050
4 0.445717 0.323103 0.022624 0.090195
4 0.787038 0.322509 0.026524 0.089268
3 0.137878 0.370119 0.039500 0.118263
5 0.663156 0.094156 0.010576 0.016846
4 0.873160 0.322187 0.027973 0.099668
5 0.684694 0.093664 0.009521 0.015644
5 0.622011 0.097025 0.009881 0.016988
5 0.844398 0.082001 0.010587 0.016518
5 0.602456 0.098064 0.009800 0.016464
5 0.868792 0.080807 0.009954 0.015453
5 0.919178 0.079636 0.009761 0.014393
5 0.945143 0.078740 0.010420 0.015121
5 0.642610 0.095996 0.009761 0.015902
5 0.582528 0.098575 0.009456 0.015609
5 0.727653 0.089944 0.010754 0.015932
5 0.971523 0.078435 0.011082 0.015628
5 0.894043 0.079667 0.009731 0.014689
5 0.300136 0.010485 0.016626 0.020971
5 0.796758 0.086025 0.009756 0.016195
5 0.563052 0.100253 0.009487 0.014030
5 0.706160 0.091529 0.011018 0.017272
5 0.819828 0.083944 0.010118 0.017063
5 0.773425 0.086844 0.009577 0.015478
5 0.750259 0.088906 0.010547 0.015752