2 0.073536 0.436835 0.088962 0.120005
6 0.435144 0.746995 0.082162 0.239587
4 0.629063 0.521463 0.045448 0.125748
4 0.276375 0.449457 0.036008 0.098708
4 0.351233 0.451333 0.033256 0.105824
4 0.236269 0.441113 0.036566 0.101457
4 0.676354 0.407779 0.035690 0.087485
4 0.457222 0.415593 0.030311 0.084905
4 0.403718 0.413761 0.033150 0.081790
4 0.551306 0.384680 0.032132 0.073885
5 0.943201 0.157715 0.010079 0.015932
5 0.843264 0.157906 0.011075 0.017960
5 0.867349 0.157136 0.011127 0.016479
3 0.187660 0.425731 0.039982 0.095938
4 0.441864 0.395891 0.024253 0.107110
5 0.819378 0.158195 0.010890 0.017820
5 0.892004 0.156891 0.011189 0.015835
5 0.917303 0.156658 0.010574 0.014947
5 0.969052 0.157565 0.010999 0.017643
5 0.994975 0.157106 0.010050 0.017244
5 0.795527 0.159337 0.010446 0.018285
1 0.146318 0.638228 0.292506 0.210225
5 0.772590 0.159616 0.010297 0.017536
5 0.585041 0.164666 0.009332 0.014144