6 0.841643 0.891523 0.102739 0.213475
4 0.740244 0.589705 0.069898 0.197764
2 0.238424 0.351845 0.069620 0.100499
4 0.734079 0.419364 0.048172 0.126040
4 0.471189 0.447999 0.034095 0.129008
4 0.348605 0.360033 0.033067 0.095419
4 0.635136 0.439488 0.045635 0.124434
3 0.291089 0.347176 0.034945 0.090295
6 0.420463 0.283559 0.019833 0.078472
4 0.502637 0.367040 0.029519 0.073897
4 0.406083 0.346389 0.026364 0.099528
5 0.054371 0.258376 0.011734 0.017592
4 0.388496 0.318849 0.024722 0.089154
5 0.112849 0.174367 0.015477 0.025678
4 0.652546 0.324566 0.031354 0.070384
4 0.496552 0.335158 0.027007 0.089919
5 0.053882 0.258475 0.014088 0.021202
7 0.238424 0.351845 0.069620 0.080399
