2 0.252865 0.307441 0.069140 0.098650
4 0.751201 0.305086 0.045094 0.109734
6 0.916444 0.284268 0.030176 0.106704
4 0.784008 0.276144 0.025363 0.097354
4 0.088370 0.335756 0.036713 0.119050
4 0.610795 0.337590 0.028183 0.132569
4 0.355225 0.359353 0.030964 0.128645
6 0.269999 0.306457 0.031070 0.078981
4 0.396935 0.340274 0.031867 0.121579
4 0.320308 0.299417 0.026002 0.094363
5 0.952255 0.026347 0.010045 0.015761
5 0.929021 0.028841 0.009010 0.013933
5 0.976393 0.024720 0.008860 0.014262
4 0.374456 0.266682 0.019576 0.074306
4 0.411800 0.319984 0.034170 0.115596
3 0.319951 0.299645 0.026091 0.093848
5 0.906277 0.030634 0.009079 0.014264
5 0.883916 0.032524 0.008890 0.013188
5 0.689119 0.047513 0.009418 0.014961
5 0.841200 0.035732 0.009359 0.014921
5 0.706637 0.046515 0.010439 0.016101
4 0.404584 0.320102 0.046759 0.117547
5 0.862267 0.034376 0.009319 0.013683
5 0.995737 0.006046 0.008526 0.012092