2 0.361625 0.341665 0.066775 0.089623
4 0.570505 0.463617 0.044452 0.161512
4 0.944152 0.428569 0.045581 0.142192
4 0.648084 0.345267 0.037010 0.092756
4 0.840724 0.343263 0.031559 0.096807
4 0.710519 0.388541 0.038653 0.128106
4 0.932642 0.333058 0.033069 0.083606
4 0.454611 0.380597 0.029215 0.104440
6 0.071904 0.402196 0.023878 0.123912
3 0.423330 0.335612 0.026421 0.088643
4 0.449164 0.348411 0.032435 0.101958
5 0.990046 0.098334 0.011926 0.019054
5 0.901703 0.101389 0.009472 0.013823
5 0.066443 0.731283 0.017234 0.018850
4 0.784878 0.299361 0.086910 0.054268
5 0.881555 0.101890 0.009356 0.013566
5 0.681085 0.323809 0.008731 0.012967
5 0.944708 0.100230 0.010134 0.013553
5 0.923200 0.101188 0.008411 0.013654
5 0.967118 0.098432 0.010041 0.015348
4 0.784812 0.285267 0.086556 0.080898