2 0.399848 0.335151 0.076398 0.107854
4 0.737371 0.313533 0.045958 0.088370
4 0.497420 0.374408 0.048883 0.124065
4 0.697394 0.272883 0.028747 0.084130
4 0.570720 0.388397 0.033825 0.126439
4 0.554318 0.332367 0.039283 0.105088
4 0.468910 0.327867 0.034039 0.106278
5 0.094463 0.764793 0.020778 0.025491
3 0.468549 0.327394 0.033082 0.106187
5 0.944318 0.060488 0.011014 0.017543
5 0.922045 0.062359 0.009668 0.016326
4 0.514416 0.280489 0.033331 0.081644
5 0.900345 0.062841 0.010438 0.016939
5 0.859596 0.064473 0.009531 0.016580