2 0.171677 0.421550 0.073597 0.095105
4 0.530509 0.439833 0.035837 0.129102
6 0.413585 0.841651 0.058468 0.267467
4 0.586996 0.479638 0.030432 0.106122
4 0.421451 0.445095 0.028984 0.106448
4 0.348136 0.392298 0.021590 0.087773
6 0.487167 0.404635 0.026118 0.097157
4 0.326471 0.437929 0.034676 0.099130
4 0.447085 0.419419 0.028777 0.077418
3 0.240610 0.417812 0.028619 0.087542
5 0.889391 0.237892 0.009751 0.015614
4 0.564599 0.408064 0.023337 0.069177
4 0.731066 0.446343 0.020825 0.087773
5 0.911791 0.239403 0.009193 0.014824
5 0.846451 0.235565 0.009832 0.015938
5 0.868065 0.236824 0.010044 0.016369
5 0.934507 0.242408 0.010039 0.016288
5 0.957464 0.243869 0.011587 0.018016
4 0.240482 0.417268 0.028845 0.089831
5 0.981720 0.245708 0.012171 0.017569
4 0.867653 0.457346 0.055122 0.067950
5 0.825713 0.234325 0.010526 0.015835
5 0.547362 0.654830 0.014072 0.014544
5 0.163978 0.054367 0.013783 0.019241
0 0.977189 0.712884 0.044631 0.195050