2 0.189329 0.355331 0.083319 0.109443
6 0.654818 0.504045 0.051777 0.187714
4 0.428270 0.376196 0.036003 0.134838
4 0.575469 0.350104 0.031248 0.101080
4 0.803205 0.346718 0.027388 0.106568
4 0.729843 0.337893 0.027984 0.102820
6 0.551843 0.332728 0.022826 0.100556
4 0.379437 0.364720 0.029652 0.127560
4 0.699490 0.394604 0.032909 0.129235
4 0.752993 0.382341 0.027505 0.121729
4 0.300512 0.363596 0.028434 0.109813
3 0.265667 0.357673 0.038734 0.093536
4 0.648955 0.362007 0.033979 0.126915
5 0.870757 0.103185 0.010632 0.017390
5 0.847661 0.103006 0.009773 0.016255
5 0.894685 0.103417 0.011445 0.018598
5 0.918912 0.103889 0.012334 0.020493
5 0.825020 0.102841 0.010069 0.016433
5 0.943640 0.104193 0.011558 0.019849
5 0.802796 0.102383 0.009914 0.015965
5 0.678480 0.102391 0.008918 0.014795
5 0.781151 0.102100 0.009873 0.015238
5 0.994505 0.102936 0.010990 0.019948
5 0.759365 0.102344 0.009219 0.015605
5 0.969246 0.103968 0.011728 0.020118
5 0.738619 0.101461 0.009926 0.015506
5 0.698129 0.101604 0.008934 0.014319