2 0.044431 0.475134 0.082696 0.112031
6 0.613658 0.864464 0.069962 0.268335
4 0.374337 0.534937 0.042948 0.129767
4 0.659065 0.627373 0.048243 0.166467
6 0.187979 0.418198 0.017990 0.082577
4 0.759566 0.497413 0.038690 0.105959
4 0.258235 0.588783 0.039199 0.123550
4 0.177871 0.514024 0.032342 0.114300
4 0.135100 0.532197 0.040091 0.121028
3 0.116622 0.471062 0.027802 0.100617
4 0.419101 0.434399 0.026345 0.083061
4 0.505360 0.435434 0.053985 0.076706
4 0.504644 0.465637 0.035661 0.089400
0 0.972029 0.776222 0.055942 0.252709
1 0.112734 0.800862 0.225417 0.398276
5 0.834669 0.346368 0.015123 0.022878