2 0.108075 0.362478 0.085902 0.120375
4 0.354426 0.336554 0.040595 0.141830
4 0.652621 0.333590 0.038083 0.092390
4 0.142346 0.400013 0.031230 0.120769
4 0.426471 0.296127 0.035880 0.090198
5 0.904268 0.069523 0.011669 0.017727
5 0.928798 0.068477 0.009914 0.014296
6 0.474401 0.283492 0.020320 0.085919
5 0.955589 0.068391 0.010484 0.016233
4 0.205652 0.345341 0.042680 0.140053
5 0.855509 0.071421 0.011270 0.017556
5 0.831312 0.072017 0.012209 0.019329
5 0.879361 0.070666 0.010479 0.017371
5 0.981931 0.068151 0.011212 0.016295
5 0.807440 0.073066 0.011297 0.018009
5 0.439953 0.336197 0.010654 0.015539