2 0.406548 0.349792 0.065936 0.095184
4 0.432180 0.451802 0.045952 0.149388
4 0.605367 0.577169 0.046216 0.220970
6 0.338454 0.437534 0.039149 0.136859
4 0.204796 0.506760 0.048721 0.170086
4 0.856034 0.462469 0.045912 0.181116
4 0.584613 0.364189 0.026621 0.091774
4 0.563415 0.396786 0.035069 0.103752
4 0.303711 0.419147 0.033376 0.123187
6 0.989813 0.375283 0.020374 0.126978
3 0.408703 0.367067 0.042677 0.081858
4 0.124368 0.444574 0.040357 0.131953
4 0.481255 0.404496 0.034317 0.096212
4 0.500202 0.370298 0.028807 0.084905
5 0.110860 0.729929 0.018085 0.021366
5 0.933714 0.111730 0.009661 0.013822
5 0.912906 0.112402 0.009992 0.014061
5 0.892901 0.113329 0.009945 0.015687
5 0.873009 0.113386 0.009689 0.015113
5 0.977575 0.110448 0.009600 0.014903
5 0.955206 0.111236 0.009771 0.015441