4 0.804322 0.495649 0.040749 0.173149
2 0.270663 0.363338 0.071190 0.090149
4 0.378805 0.580011 0.057648 0.198082
4 0.485016 0.428875 0.036181 0.104938
4 0.159041 0.363300 0.031191 0.091353
4 0.045419 0.390916 0.045336 0.087138
4 0.116131 0.396159 0.044990 0.095827
4 0.404077 0.373503 0.033186 0.086971
4 0.357384 0.370901 0.033447 0.088288
4 0.179946 0.422933 0.039994 0.101418
4 0.533034 0.385218 0.028126 0.090710
3 0.273822 0.370836 0.037522 0.068867
5 0.971858 0.160779 0.011386 0.017669
5 0.082312 0.010327 0.016049 0.020654
5 0.948192 0.160609 0.010436 0.017268
5 0.995219 0.160650 0.009561 0.016651
5 0.925433 0.160063 0.010516 0.017140
5 0.882344 0.158295 0.009698 0.016656
5 0.744943 0.156172 0.009401 0.017640
5 0.903585 0.159851 0.009591 0.015829
5 0.709284 0.155021 0.009997 0.015815
5 0.726998 0.155906 0.009433 0.014487
5 0.821004 0.158236 0.008809 0.016666
4 0.980150 0.406928 0.039167 0.087999
7 0.270663 0.363338 0.071190 0.072119
