2 0.362921 0.339770 0.066967 0.089089
4 0.858335 0.500231 0.060785 0.166540
4 0.121594 0.494501 0.056271 0.171712
4 0.642948 0.391765 0.035447 0.131061
4 0.295162 0.490721 0.055441 0.141690
4 0.263278 0.527932 0.049095 0.158546
4 0.459297 0.343176 0.036603 0.101275
3 0.370046 0.346402 0.036895 0.084297
4 0.746980 0.337923 0.032968 0.100034
4 0.215929 0.427778 0.043512 0.132560
5 0.067014 0.731278 0.016022 0.017760
5 0.990256 0.098075 0.012429 0.019647
4 0.169613 0.552748 0.050568 0.147462
6 0.216146 0.427798 0.042046 0.130237
5 0.881692 0.101338 0.009103 0.012205
5 0.902292 0.100726 0.008907 0.013050
5 0.967475 0.098503 0.011063 0.017043
5 0.923573 0.100890 0.008794 0.013681
5 0.945007 0.099956 0.010227 0.014171