4 0.466900 0.391374 0.035314 0.113986
4 0.434625 0.322320 0.027089 0.092581
4 0.194271 0.363832 0.041521 0.111504
4 0.571016 0.387895 0.044265 0.142330
4 0.384070 0.328900 0.029036 0.094260
4 0.499370 0.310473 0.044917 0.093626
6 0.244519 0.346610 0.023218 0.104025
4 0.331664 0.330083 0.044337 0.096408
4 0.777291 0.347087 0.041185 0.121360
5 0.958269 0.079310 0.012422 0.018884
5 0.880017 0.253755 0.013258 0.020234
5 0.890845 0.084728 0.010645 0.017444
5 0.912937 0.082079 0.011556 0.017733
5 0.869776 0.085664 0.011302 0.018987