4 0.475864 0.771023 0.080737 0.280591
4 0.538161 0.548467 0.051628 0.144097
4 0.699989 0.475436 0.041830 0.136089
4 0.919401 0.601485 0.048809 0.162433
4 0.135337 0.520956 0.061550 0.154337
4 0.626295 0.497691 0.039309 0.127051
2 0.408058 0.400516 0.083620 0.101207
4 0.534356 0.412175 0.030323 0.096406
4 0.311212 0.508292 0.073058 0.171647
1 0.609955 0.455882 0.059371 0.085807
5 0.033168 0.502969 0.012963 0.020955
6 0.294521 0.522074 0.045597 0.185610
4 0.298808 0.522597 0.053642 0.179082
3 0.411726 0.411424 0.050630 0.086819
5 0.701941 0.704377 0.011223 0.013720
3 0.407967 0.400292 0.082593 0.098734
7 0.408058 0.400516 0.083620 0.080966
