2 0.633692 0.365576 0.050882 0.067580
4 0.531201 0.590412 0.052512 0.156971
6 0.010036 0.456741 0.020025 0.121147
4 0.469120 0.421115 0.033511 0.090851
4 0.587536 0.388959 0.023037 0.072821
4 0.691326 0.395160 0.031256 0.083112
4 0.558717 0.393073 0.028130 0.082051
4 0.281137 0.483933 0.035974 0.110348
4 0.757594 0.482286 0.047986 0.104220
3 0.629213 0.368500 0.031410 0.062262
5 0.544181 0.616102 0.010139 0.016744
5 0.770187 0.385782 0.008588 0.014091
5 0.186284 0.293265 0.014246 0.022801
4 0.881079 0.458562 0.029883 0.104603
5 0.994084 0.371510 0.011302 0.019830
5 0.765257 0.032692 0.034301 0.054940
1 0.052629 0.656167 0.104894 0.429493
7 0.633692 0.365576 0.050882 0.054064
