2 0.420075 0.348901 0.075969 0.102835
4 0.339820 0.604149 0.060952 0.164040
4 0.349067 0.470143 0.044740 0.152847
4 0.412283 0.555498 0.054080 0.171638
4 0.222934 0.616896 0.076521 0.155855
4 0.274359 0.502061 0.058453 0.160217
4 0.307362 0.423141 0.060405 0.126527
4 0.569182 0.375418 0.031714 0.114868
6 0.635922 0.320379 0.031907 0.096307
3 0.422259 0.346596 0.039137 0.102052
1 0.308711 0.719023 0.617422 0.561954
5 0.944935 0.063246 0.010219 0.016504
5 0.968238 0.062117 0.010777 0.018704
5 0.095363 0.796627 0.019550 0.025833
5 0.923188 0.064864 0.010325 0.015418
5 0.901913 0.066798 0.010524 0.015099
5 0.991257 0.060312 0.011408 0.021190
5 0.881576 0.068957 0.008902 0.015245
5 0.295203 0.592029 0.012896 0.019677