2 0.147955 0.292131 0.085515 0.112138
4 0.894953 0.350616 0.031887 0.129130
4 0.511322 0.327482 0.030211 0.146262
4 0.371030 0.317634 0.067843 0.137689
4 0.963376 0.309324 0.031291 0.101320
4 0.465605 0.307389 0.029980 0.119297
4 0.245999 0.324818 0.038624 0.126998
4 0.654747 0.295391 0.029062 0.125024
4 0.416257 0.330895 0.034923 0.132840
4 0.607088 0.329177 0.034410 0.123038
4 0.847670 0.316491 0.039635 0.119979
5 0.908984 0.036032 0.009951 0.016090
5 0.934188 0.036566 0.009329 0.015503
5 0.960342 0.036928 0.009302 0.015163
5 0.884078 0.036094 0.009571 0.015861
5 0.813439 0.035133 0.009843 0.014463
3 0.847649 0.318342 0.040120 0.114995
5 0.860249 0.035820 0.009171 0.014816
5 0.746600 0.035061 0.008409 0.013356
5 0.725390 0.034461 0.009311 0.013607
5 0.704400 0.034994 0.009449 0.015669
5 0.684055 0.034904 0.009848 0.016144
5 0.790538 0.036036 0.009436 0.015161
5 0.836615 0.035829 0.009423 0.015638
5 0.986983 0.037764 0.010489 0.017965
4 0.608690 0.308014 0.038788 0.166206
5 0.663870 0.034330 0.009646 0.014716