2 0.243931 0.303272 0.080150 0.116047
4 0.113967 0.354771 0.047134 0.137711
4 0.163738 0.608281 0.068620 0.233260
4 0.536888 0.383637 0.039712 0.166258
6 0.453541 0.276745 0.030980 0.103044
4 0.475324 0.379209 0.030703 0.147113
4 0.672755 0.266781 0.030355 0.107486
4 0.569370 0.270832 0.030148 0.126792
4 0.616786 0.310907 0.029282 0.144073
4 0.639472 0.317043 0.034761 0.131174
4 0.593950 0.270903 0.029882 0.127775
6 0.982569 0.814941 0.034664 0.355394
4 0.350602 0.301235 0.033159 0.129160
5 0.685448 0.536070 0.017945 0.016688
5 0.210570 0.621074 0.017067 0.024966
3 0.353223 0.297689 0.038791 0.135322
7 0.243931 0.303272 0.080150 0.092838
