2 0.346266 0.517882 0.085022 0.117326
4 0.521321 0.645508 0.050605 0.188538
4 0.559752 0.501817 0.036320 0.113521
4 0.260714 0.516212 0.035818 0.124316
4 0.799581 0.545046 0.039597 0.155536
4 0.420533 0.532786 0.035738 0.110696
4 0.439408 0.495942 0.035633 0.113911
3 0.363186 0.498589 0.045893 0.123422
6 0.195640 0.512020 0.036314 0.130766
5 0.911679 0.252499 0.010740 0.017308
5 0.959251 0.253394 0.011415 0.018234
5 0.828935 0.839291 0.019272 0.018425
5 0.888363 0.252256 0.010602 0.017176
5 0.934845 0.252686 0.010720 0.016822
5 0.131289 0.095114 0.018415 0.035259
5 0.984189 0.253565 0.011547 0.018612
5 0.866007 0.253262 0.010010 0.016573
5 0.989105 0.097475 0.014784 0.018747
5 0.332964 0.054318 0.014929 0.020951
5 0.917954 0.707726 0.022312 0.015552