4 0.250751 0.455562 0.050397 0.147317
4 0.659890 0.366637 0.042271 0.156365
2 0.520242 0.243462 0.063791 0.085456
4 0.716995 0.252754 0.028739 0.113009
4 0.375614 0.355015 0.040773 0.111677
4 0.656429 0.238829 0.037776 0.092862
4 0.673142 0.279241 0.039190 0.104180
4 0.183556 0.303964 0.038040 0.099889
4 0.445556 0.306323 0.035248 0.086676
4 0.483238 0.351307 0.054750 0.104676
4 0.511495 0.247309 0.041253 0.090430
4 0.444346 0.271997 0.028574 0.105131
5 0.498855 0.412090 0.008356 0.013472
5 0.397325 0.631464 0.014065 0.018962
3 0.512153 0.246288 0.041363 0.090542
5 0.004759 0.179931 0.009446 0.018634