4 0.923830 0.548301 0.044473 0.136927
4 0.707469 0.606937 0.047053 0.170260
4 0.691331 0.455316 0.025488 0.084311
4 0.439469 0.465984 0.031134 0.079690
4 0.555531 0.558389 0.041140 0.123372
6 0.916234 0.936963 0.081508 0.124753
4 0.587008 0.422314 0.030290 0.077644
4 0.291307 0.445448 0.044168 0.099013
5 0.199063 0.804542 0.018224 0.022850
2 0.478742 0.446247 0.051765 0.082577
5 0.319621 0.128848 0.016435 0.029547
4 0.475355 0.458895 0.051471 0.065462
5 0.307487 0.487832 0.011467 0.017369
4 0.545884 0.454631 0.033917 0.091846
5 0.975911 0.398698 0.017318 0.021758
4 0.461859 0.458612 0.082596 0.066205
7 0.478742 0.446247 0.051765 0.066062
