2 0.189692 0.353886 0.082853 0.107735
6 0.655574 0.502691 0.053073 0.187996
4 0.498409 0.387964 0.037369 0.140680
6 0.552432 0.332005 0.025736 0.103688
4 0.386098 0.369946 0.034227 0.126453
4 0.838054 0.387090 0.029480 0.120701
4 0.722535 0.394414 0.034904 0.134775
4 0.299805 0.362835 0.030396 0.109803
4 0.605519 0.345356 0.030679 0.116800
4 0.746301 0.374286 0.027625 0.125685
4 0.791295 0.348888 0.031847 0.106837
4 0.807569 0.346848 0.020300 0.113982
3 0.263179 0.359447 0.038144 0.103563
5 0.895117 0.101845 0.011139 0.017129
5 0.871330 0.101502 0.010608 0.016325
5 0.944389 0.102599 0.011201 0.017811
5 0.919721 0.102222 0.011408 0.018063
5 0.825564 0.101434 0.010088 0.015039
5 0.995036 0.101743 0.009928 0.018301
5 0.781742 0.101042 0.010262 0.014708
5 0.969865 0.102313 0.011091 0.017560