2 0.151453 0.473156 0.092328 0.119393
6 0.913652 0.697746 0.046242 0.222050
4 0.461025 0.504984 0.041246 0.137202
4 0.809602 0.542223 0.046612 0.145192
4 0.393544 0.483388 0.033665 0.134833
4 0.335944 0.528659 0.040168 0.134889
4 0.429172 0.459041 0.031684 0.116786
4 0.559787 0.486197 0.036399 0.105907
4 0.916362 0.486796 0.028978 0.117469
4 0.300730 0.451450 0.032066 0.102908
4 0.232144 0.461351 0.030570 0.118530
4 0.660991 0.455073 0.058798 0.095288
5 0.715187 0.649295 0.016463 0.014451
5 0.732489 0.215277 0.011039 0.018659
5 0.689327 0.214309 0.010685 0.018633
5 0.800933 0.217921 0.011328 0.019354
5 0.777301 0.217111 0.011220 0.018835
5 0.754870 0.216325 0.011920 0.019957
5 0.710571 0.214716 0.010736 0.018095
5 0.824556 0.219117 0.011192 0.018467
4 0.319014 0.441252 0.031702 0.121918
5 0.978726 0.225034 0.013601 0.020542
5 0.925098 0.221985 0.012951 0.021036
5 0.899259 0.221371 0.012895 0.021975
5 0.849083 0.219871 0.011608 0.018806
5 0.951560 0.223218 0.012589 0.020111
5 0.873905 0.220049 0.011800 0.019786
4 0.676094 0.453571 0.028996 0.098426
4 0.551229 0.460367 0.027137 0.102307