2 0.239945 0.410797 0.081115 0.111474
4 0.384775 0.510111 0.045381 0.169054
4 0.450832 0.413694 0.042221 0.095011
4 0.941161 0.485422 0.040924 0.161996
3 0.301717 0.413047 0.040379 0.084328
6 0.587691 0.364477 0.023483 0.093113
4 0.802688 0.406586 0.040374 0.094144
4 0.620653 0.423119 0.046331 0.109390
4 0.952048 0.379328 0.031905 0.095393
4 0.408543 0.401513 0.044665 0.087281
4 0.914829 0.413663 0.046025 0.111747
4 0.661336 0.369022 0.051082 0.088456
5 0.033947 0.024932 0.017328 0.025841
5 0.764146 0.135495 0.010509 0.016746
5 0.920195 0.130480 0.011946 0.018745
5 0.784824 0.135540 0.011926 0.018201
5 0.944704 0.129345 0.011641 0.017322
5 0.969830 0.128237 0.011894 0.017948
5 0.896803 0.132069 0.011277 0.018180
5 0.827900 0.134329 0.011679 0.016727
5 0.873177 0.133416 0.010870 0.016954
5 0.806226 0.134486 0.011501 0.017230
5 0.850659 0.133898 0.011860 0.017210
5 0.994900 0.126445 0.010200 0.019035
5 0.743764 0.136686 0.011087 0.017426
5 0.809077 0.004962 0.012632 0.009923