4 0.827081 0.790668 0.084513 0.296101
4 0.516131 0.269380 0.045092 0.092247
6 0.208933 0.586730 0.091935 0.178149
4 0.040921 0.372683 0.052836 0.211855
2 0.424970 0.276915 0.084405 0.114364
4 0.236282 0.260879 0.046955 0.108495
4 0.375491 0.617124 0.065976 0.220384
4 0.060200 0.722650 0.120195 0.534341
3 0.451432 0.285239 0.058942 0.109184
5 0.521963 0.507235 0.017359 0.023615
1 0.686785 0.343834 0.100573 0.123933
5 0.301562 0.398520 0.008657 0.013220
5 0.601415 0.552399 0.016503 0.017030
1 0.326803 0.599841 0.650341 0.800318
5 0.522867 0.510813 0.015931 0.020327
5 0.371002 0.279370 0.006816 0.010251