6 0.571722 0.693680 0.081962 0.276136
2 0.263533 0.379303 0.079387 0.110920
4 0.654944 0.383558 0.038129 0.152787
6 0.620700 0.332727 0.027863 0.091682
4 0.686523 0.334084 0.025756 0.114098
4 0.474850 0.379831 0.034517 0.104883
4 0.947670 0.311335 0.029101 0.110749
4 0.424726 0.391554 0.036355 0.111179
4 0.778859 0.376326 0.035496 0.128306
4 0.571653 0.328856 0.031835 0.107760
4 0.764643 0.299060 0.027250 0.095724
5 0.704916 0.611249 0.016849 0.014284
5 0.924240 0.063456 0.009565 0.015953
5 0.876890 0.068020 0.010027 0.015608
3 0.331552 0.357451 0.026086 0.115353
5 0.495940 0.007133 0.013654 0.014266
5 0.948406 0.061436 0.010378 0.017015
5 0.040202 0.008836 0.016989 0.017673
5 0.831858 0.069985 0.010473 0.016614
5 0.973336 0.058481 0.010336 0.016381
4 0.349260 0.360580 0.036995 0.101332
5 0.854058 0.069242 0.009721 0.016288
5 0.900135 0.066993 0.009730 0.014484
4 0.409070 0.373154 0.026142 0.104847
5 0.810376 0.071647 0.011889 0.020191
5 0.671752 0.087536 0.009834 0.017792