2 0.263643 0.377349 0.079496 0.114116
4 0.715350 0.429736 0.043946 0.163039
4 0.812868 0.405929 0.044927 0.152551
6 0.556522 0.815735 0.060232 0.326833
4 0.422176 0.380077 0.027631 0.121287
4 0.618381 0.402570 0.035742 0.129046
4 0.474008 0.368929 0.033599 0.117935
4 0.546411 0.382564 0.035115 0.118964
4 0.355364 0.358312 0.026866 0.100511
4 0.519390 0.364319 0.024797 0.108097
6 0.507924 0.328777 0.020320 0.105744
5 0.948274 0.061655 0.010495 0.017360
5 0.703882 0.611784 0.016091 0.014375
5 0.973160 0.058809 0.010269 0.015914
4 0.331334 0.370115 0.033028 0.134561
5 0.923970 0.063960 0.009834 0.015620
5 0.495716 0.006621 0.013034 0.013243
5 0.876954 0.067841 0.009634 0.014494
5 0.789191 0.073965 0.009647 0.016570
5 0.831928 0.069962 0.010668 0.016695
5 0.040375 0.008409 0.017581 0.016818
1 0.496295 0.396149 0.110558 0.078642
5 0.900094 0.066839 0.009793 0.014259
3 0.330113 0.371185 0.030590 0.131722
5 0.810171 0.072783 0.010608 0.017244