2 0.177764 0.355934 0.083836 0.111958
6 0.643529 0.503377 0.051211 0.189278
4 0.397397 0.368913 0.030752 0.120733
4 0.785807 0.344432 0.026342 0.107998
3 0.267052 0.351249 0.064169 0.105539
4 0.358733 0.368751 0.030977 0.121351
4 0.667887 0.389170 0.047542 0.132852
4 0.564283 0.371081 0.023829 0.112487
4 0.542472 0.333427 0.025298 0.098904
5 0.813275 0.103234 0.009521 0.014815
5 0.882493 0.103318 0.011043 0.017697
5 0.858914 0.103078 0.010748 0.016906
5 0.727316 0.102518 0.009883 0.015642
5 0.769561 0.102386 0.009993 0.014967
5 0.836201 0.103210 0.009269 0.015262
5 0.707104 0.102295 0.009942 0.014801
4 0.548887 0.346483 0.023701 0.098893
5 0.906816 0.103668 0.011272 0.018123
5 0.956714 0.103313 0.010729 0.017551
5 0.791313 0.103657 0.009913 0.016286
5 0.931418 0.103771 0.011098 0.018648
5 0.982524 0.103094 0.011753 0.017834
4 0.284998 0.363315 0.032565 0.103790
5 0.748240 0.102650 0.008940 0.014755
5 0.426707 0.005378 0.013299 0.010755
5 0.687080 0.102633 0.009620 0.015064
6 0.542772 0.332488 0.025859 0.095648
4 0.267066 0.358181 0.065952 0.104992