2 0.585270 0.407738 0.054098 0.074209
4 0.259218 0.485277 0.037823 0.137594
4 0.168006 0.414500 0.032937 0.084557
4 0.744034 0.468519 0.030092 0.115575
4 0.464022 0.418067 0.023011 0.076514
4 0.309129 0.384667 0.070338 0.174119
4 0.544415 0.430968 0.021910 0.071259
4 0.403115 0.385583 0.029497 0.081214
4 0.510216 0.404208 0.017857 0.071540
4 0.523177 0.445935 0.033060 0.109352
5 0.123115 0.089201 0.017323 0.015706
5 0.024150 0.182992 0.009507 0.014665
5 0.003991 0.179755 0.007651 0.014291
5 0.043587 0.185050 0.009499 0.014889
4 0.538098 0.402330 0.015194 0.067076
5 0.522368 0.243143 0.010194 0.016613
5 0.125070 0.088724 0.020581 0.018336
5 0.414240 0.135572 0.013644 0.015394
7 0.585270 0.407738 0.054098 0.059367
