4 0.599673 0.814130 0.077792 0.296011
2 0.126609 0.387039 0.078012 0.115080
4 0.326017 0.505853 0.041074 0.136957
4 0.413722 0.438364 0.038223 0.103568
4 0.751039 0.400397 0.038707 0.089261
4 0.165094 0.429456 0.049313 0.089369
4 0.238459 0.395996 0.032252 0.101930
4 0.883889 0.373477 0.032773 0.104386
4 0.168464 0.389383 0.030722 0.084515
4 0.542411 0.345359 0.036744 0.091237
4 0.370134 0.335255 0.050399 0.060251
5 0.504001 0.902166 0.012513 0.016322
5 0.484222 0.894358 0.013481 0.023024
4 0.364343 0.336959 0.037037 0.066504
5 0.336956 0.374267 0.007785 0.012408
1 0.527372 0.650060 0.712238 0.651941
1 0.320335 0.734499 0.637764 0.531002