4 0.716567 0.430669 0.042688 0.134727
2 0.337964 0.383372 0.077662 0.105968
4 0.912371 0.500749 0.048752 0.147128
4 0.891220 0.431082 0.047951 0.153037
6 0.942401 0.453798 0.041087 0.149027
4 0.461257 0.418716 0.038478 0.124197
4 0.483781 0.372783 0.029406 0.108479
4 0.577153 0.408627 0.041456 0.118709
4 0.843151 0.382846 0.027771 0.104287
6 0.388715 0.402629 0.031765 0.106358
4 0.589422 0.348515 0.033985 0.095754
5 0.942116 0.132330 0.011047 0.016867
5 0.896689 0.131738 0.010921 0.018285
5 0.989494 0.134535 0.011541 0.018243
5 0.853197 0.131390 0.010573 0.017766
5 0.875098 0.131406 0.011251 0.018831
5 0.919146 0.131854 0.011303 0.018224
5 0.965667 0.133244 0.011697 0.019342
5 0.832381 0.131245 0.010937 0.017406
5 0.633427 0.134554 0.012113 0.021091
5 0.812108 0.131780 0.011164 0.017722
1 0.354473 0.044131 0.695636 0.088261