2 0.416480 0.370443 0.080553 0.121477
4 0.479866 0.424364 0.041736 0.152475
6 0.339666 0.426915 0.046453 0.141142
4 0.981033 0.284301 0.036724 0.108418
4 0.752340 0.284137 0.029687 0.095353
5 0.870374 0.025453 0.009237 0.013257
5 0.849420 0.029353 0.008445 0.013816
3 0.475641 0.350517 0.028748 0.103036
4 0.955285 0.262268 0.086482 0.054419
5 0.892168 0.022147 0.007327 0.013324
4 0.475700 0.351015 0.028605 0.103079
5 0.733452 0.047807 0.009557 0.016032
5 0.829060 0.032568 0.008154 0.012432
5 0.716378 0.051168 0.009434 0.015386
5 0.733796 0.047695 0.011660 0.019292