2 0.423030 0.301068 0.095968 0.116630
4 0.232692 0.521789 0.063222 0.179376
4 0.694099 0.407572 0.050910 0.142823
4 0.537894 0.393096 0.050332 0.151521
4 0.506466 0.344576 0.042944 0.136542
4 0.591398 0.767726 0.076694 0.318286
4 0.370504 0.459291 0.041782 0.187742
3 0.434531 0.328436 0.059228 0.113493
5 0.336106 0.646195 0.016412 0.026240
4 0.210888 0.479965 0.057691 0.141553
4 0.320697 0.437756 0.043603 0.221234
1 0.675137 0.353217 0.098896 0.089687
6 0.321195 0.437705 0.042140 0.223768
4 0.359471 0.453278 0.050954 0.187988
5 0.268810 0.557355 0.010752 0.016628
4 0.053224 0.727938 0.106201 0.544124
5 0.778781 0.664201 0.016131 0.015155
4 0.351890 0.455565 0.039200 0.189723
7 0.423030 0.301068 0.095968 0.093304
