2 0.217772 0.308687 0.082577 0.105346
6 0.370327 0.475990 0.046783 0.196165
3 0.314017 0.294543 0.041694 0.115434
6 0.576781 0.286983 0.024982 0.104809
4 0.513046 0.332345 0.042094 0.129741
4 0.632232 0.312059 0.033537 0.095628
4 0.352348 0.342996 0.039967 0.116478
4 0.686114 0.279595 0.058851 0.084571
4 0.816827 0.355581 0.032973 0.137645
4 0.437363 0.325806 0.032185 0.096705
4 0.388504 0.318620 0.030953 0.111438
4 0.452255 0.265346 0.028068 0.079221
5 0.953039 0.058164 0.011789 0.018268
5 0.928506 0.057421 0.009977 0.015446
5 0.728649 0.053799 0.009888 0.016021
5 0.978843 0.057550 0.010860 0.017591
5 0.904171 0.057022 0.009899 0.015460
4 0.813019 0.309925 0.030895 0.105546
4 0.701958 0.279751 0.025778 0.088112
4 0.527900 0.298487 0.051454 0.077923
6 0.989677 0.854929 0.020273 0.287040
5 0.749694 0.053916 0.010777 0.017383
5 0.770058 0.054358 0.010328 0.016422
5 0.791111 0.054453 0.010629 0.017129
5 0.812737 0.055541 0.009466 0.014095
5 0.835261 0.056065 0.010655 0.015194
6 0.993462 0.847010 0.012557 0.294575
5 0.708914 0.054659 0.009748 0.015707
5 0.881104 0.057183 0.010560 0.015883