2 0.092117 0.377138 0.086053 0.114232
6 0.779808 0.492008 0.052373 0.188650
4 0.839766 0.392265 0.038598 0.141530
4 0.641796 0.396506 0.044219 0.132300
4 0.514107 0.352000 0.033282 0.112796
6 0.323837 0.348408 0.023309 0.098398
4 0.587541 0.334599 0.023633 0.083267
4 0.273238 0.346597 0.024916 0.084060
4 0.224120 0.375680 0.031842 0.123207
4 0.461212 0.349649 0.026283 0.115187
3 0.112118 0.360147 0.032610 0.121865
5 0.915388 0.104872 0.009422 0.014622
5 0.941385 0.105177 0.009240 0.014600
5 0.890569 0.104865 0.010700 0.015881
5 0.967179 0.105690 0.009524 0.015238
5 0.866128 0.105750 0.010437 0.017662
5 0.841668 0.106029 0.010371 0.017879
1 0.155425 0.577114 0.306992 0.199505
5 0.685122 0.109067 0.009394 0.014672
5 0.664541 0.109460 0.009029 0.015303
4 0.550785 0.332155 0.036308 0.093006
5 0.727638 0.109271 0.009504 0.015119
5 0.291112 0.403546 0.010033 0.015410
5 0.993612 0.106613 0.010051 0.017516
5 0.706161 0.109274 0.010112 0.016048
5 0.772169 0.107742 0.010793 0.017901
5 0.794621 0.106269 0.010918 0.018592
5 0.817993 0.106484 0.011195 0.018675
5 0.749708 0.108104 0.010178 0.017293
5 0.644250 0.110020 0.010432 0.016588
5 0.604917 0.109390 0.009714 0.015490
5 0.624717 0.109958 0.010092 0.015921
5 0.343608 0.010696 0.016463 0.021392
5 0.585768 0.110434 0.010000 0.015571