2 0.296539 0.395590 0.078115 0.101927
6 0.913037 0.592106 0.054884 0.197563
6 0.669631 0.378149 0.019814 0.099721
4 0.754637 0.462004 0.042714 0.124759
4 0.543072 0.352203 0.023413 0.073861
4 0.371891 0.419342 0.037677 0.097828
4 0.720299 0.422031 0.032601 0.096191
4 0.575315 0.361007 0.022697 0.076691
4 0.491179 0.415004 0.031684 0.118946
3 0.349788 0.385810 0.024330 0.101695
4 0.515184 0.439928 0.030298 0.131205
4 0.634453 0.388222 0.057010 0.096744
5 0.809561 0.153022 0.009356 0.015776
5 0.852025 0.154478 0.009819 0.016668
5 0.942684 0.158169 0.008864 0.014295
5 0.873459 0.154950 0.010454 0.016462
5 0.830654 0.153648 0.010069 0.017140
5 0.789199 0.153417 0.008571 0.014619
5 0.919116 0.156891 0.010106 0.015125
5 0.896434 0.155972 0.010001 0.015588
5 0.991039 0.158486 0.011308 0.017978
5 0.966304 0.157784 0.010374 0.016167
4 0.645395 0.397066 0.033262 0.078409
4 0.621826 0.380584 0.033208 0.094394
4 0.985498 0.405948 0.028493 0.102333
5 0.769344 0.152673 0.008376 0.015777