2 0.179873 0.322788 0.082669 0.116082
4 0.774781 0.390510 0.050019 0.154119
4 0.601930 0.283697 0.049062 0.102753
4 0.716663 0.370816 0.037228 0.129921
6 0.549659 0.278623 0.021523 0.097569
4 0.945181 0.297312 0.035555 0.098657
4 0.486551 0.276345 0.034039 0.094561
4 0.688770 0.283245 0.030478 0.096910
4 0.445254 0.281023 0.029708 0.095219
4 0.277713 0.318161 0.043581 0.102120
4 0.386840 0.321692 0.033439 0.115309
5 0.622806 0.574539 0.017089 0.014881
4 0.367737 0.329875 0.033089 0.100001
5 0.752029 0.046460 0.011040 0.017520
5 0.990451 0.039812 0.011256 0.019036
5 0.963652 0.040473 0.010389 0.016672
5 0.795689 0.046281 0.010335 0.016266
5 0.937978 0.041361 0.010615 0.016367
5 0.690335 0.048168 0.010072 0.016283
5 0.731276 0.046940 0.012276 0.018487
5 0.670383 0.048772 0.010302 0.017204
5 0.888369 0.042797 0.010785 0.016701
5 0.710425 0.047484 0.010225 0.016547
5 0.913087 0.041996 0.010518 0.016276
3 0.277343 0.318568 0.043643 0.102443
5 0.864463 0.044262 0.010941 0.016878
5 0.841050 0.045042 0.011074 0.016204
5 0.818669 0.045607 0.010973 0.015990
5 0.773506 0.046463 0.009798 0.015498
5 0.651063 0.050312 0.010602 0.017612