2 0.253496 0.330593 0.080441 0.113340
4 0.825832 0.380903 0.043913 0.120340
4 0.937211 0.439225 0.054655 0.154826
4 0.583252 0.386793 0.051109 0.149963
4 0.473450 0.319137 0.044086 0.100561
6 0.710189 0.275339 0.022311 0.084406
4 0.515128 0.294289 0.053199 0.089936
4 0.958703 0.306141 0.031039 0.099906
3 0.326130 0.317312 0.034069 0.119578
5 0.692078 0.594164 0.017940 0.015739
4 0.754998 0.312022 0.025214 0.079139
5 0.807741 0.062184 0.010615 0.017255
5 0.851573 0.061689 0.008725 0.014476
5 0.786424 0.062275 0.009233 0.015686
5 0.745551 0.063952 0.009813 0.016092
5 0.765871 0.063436 0.009882 0.016130
5 0.874361 0.061621 0.009576 0.015970
5 0.970408 0.058933 0.012000 0.019104
5 0.944814 0.059476 0.011618 0.018840
5 0.829632 0.061889 0.009598 0.016273
5 0.706348 0.066441 0.009636 0.017659
5 0.995157 0.058298 0.009686 0.019252
5 0.897354 0.061411 0.009954 0.015718
5 0.632293 0.068916 0.012257 0.019636
5 0.725291 0.065640 0.010254 0.016537