4 0.821544 0.572757 0.054101 0.149795
4 0.396719 0.506094 0.041400 0.118231
2 0.417325 0.386771 0.070338 0.085755
4 0.256381 0.599798 0.054263 0.151257
6 0.243851 0.379482 0.025067 0.114045
4 0.715841 0.409354 0.025256 0.086675
4 0.694718 0.439167 0.033062 0.087788
4 0.546839 0.401246 0.029896 0.088859
4 0.290302 0.445995 0.032823 0.120221
4 0.464402 0.426523 0.020313 0.094854
5 0.923722 0.776370 0.010887 0.017236
5 0.993357 0.707598 0.012825 0.018599
3 0.479035 0.411540 0.044660 0.081109
4 0.479365 0.412665 0.044220 0.077871
5 0.994496 0.709509 0.011007 0.017789
7 0.417325 0.386771 0.070338 0.068604
