4 0.677856 0.336770 0.041502 0.131576
2 0.483036 0.330008 0.075817 0.101643
4 0.914337 0.495031 0.047888 0.184894
4 0.823847 0.453964 0.071747 0.160572
4 0.650945 0.629032 0.055801 0.237738
4 0.565209 0.478575 0.041634 0.192396
4 0.640720 0.396025 0.034669 0.134232
4 0.213967 0.474433 0.054732 0.138154
4 0.589304 0.381628 0.032135 0.123306
3 0.481065 0.331729 0.038274 0.113675
1 0.622084 0.479539 0.111686 0.197584
6 0.398458 0.423671 0.030569 0.158207
4 0.558277 0.383204 0.037298 0.104625
5 0.977658 0.069030 0.010926 0.016853
5 0.177710 0.736011 0.018612 0.021127
5 0.956523 0.069459 0.010645 0.016545
4 0.416883 0.421495 0.030820 0.134938