2 0.190542 0.389192 0.083223 0.110070
4 0.547216 0.374313 0.028047 0.099333
4 0.464088 0.400306 0.031108 0.117050
4 0.506878 0.359502 0.027057 0.114260
6 0.569648 0.353448 0.020985 0.095270
4 0.759347 0.363516 0.021265 0.094808
4 0.404283 0.403183 0.036326 0.106129
4 0.645986 0.425530 0.048225 0.130309
4 0.382912 0.370220 0.031192 0.154853
5 0.893258 0.127600 0.011748 0.020221
5 0.696769 0.129313 0.009523 0.016340
5 0.758160 0.128407 0.009824 0.017490
5 0.869436 0.127130 0.011365 0.018343
5 0.801185 0.127771 0.010349 0.016944
5 0.917569 0.127414 0.011922 0.020389
5 0.677087 0.130203 0.009469 0.016111
4 0.279639 0.372475 0.038564 0.117547
5 0.716939 0.128896 0.009575 0.015953
4 0.992112 0.408150 0.015776 0.130000
5 0.737395 0.128790 0.010826 0.018143
5 0.993132 0.125834 0.012430 0.021852
5 0.846902 0.127675 0.010400 0.017570
5 0.779581 0.129099 0.009396 0.016785
5 0.942352 0.127041 0.011841 0.020060
5 0.823827 0.128268 0.009825 0.017312
5 0.658400 0.130574 0.008661 0.016616
5 0.967791 0.126601 0.012177 0.021004
4 0.995134 0.405998 0.009731 0.139782
3 0.279540 0.372949 0.037935 0.117796