4 0.949670 0.310036 0.052642 0.157625
2 0.370013 0.187613 0.079526 0.114653
6 0.872639 0.776361 0.082526 0.226872
4 0.714226 0.218198 0.060157 0.094326
4 0.813215 0.262879 0.051892 0.151373
6 0.508884 0.141259 0.024312 0.101264
4 0.951451 0.186435 0.038608 0.092687
4 0.586789 0.231739 0.044529 0.090701
3 0.449736 0.191865 0.038891 0.105453
5 0.034858 0.629402 0.021312 0.027492
4 0.838607 0.174738 0.048425 0.083150
5 0.808481 0.480151 0.015149 0.015093
4 0.585919 0.207721 0.035652 0.114057
5 0.931905 0.232050 0.009065 0.015058
4 0.799572 0.136574 0.020545 0.095512
4 0.779600 0.147269 0.046811 0.077136