2 0.263833 0.375561 0.080443 0.115903
6 0.631925 0.297494 0.033651 0.083351
4 0.957356 0.307619 0.032747 0.104295
4 0.472192 0.364605 0.033511 0.103211
4 0.874392 0.376215 0.037805 0.115301
3 0.345232 0.370729 0.044027 0.096345
4 0.919233 0.335769 0.036924 0.106061
4 0.713912 0.356086 0.044267 0.091977
5 0.704321 0.611085 0.017167 0.015976
5 0.876503 0.067782 0.010216 0.014596
5 0.526132 0.409232 0.010658 0.016530
5 0.948366 0.061463 0.010731 0.017039
5 0.923939 0.063691 0.009772 0.015473
5 0.831923 0.070138 0.010196 0.015499
5 0.496317 0.005935 0.013572 0.011869
5 0.789192 0.074215 0.009120 0.015743
4 0.719247 0.327050 0.035393 0.087430
5 0.810342 0.072380 0.010688 0.017750
5 0.853924 0.069122 0.009515 0.014996
5 0.899904 0.066981 0.009975 0.014552
5 0.972923 0.059556 0.010242 0.016756