2 0.150858 0.277606 0.086472 0.114499
4 0.447813 0.339006 0.050158 0.151356
4 0.498926 0.407045 0.051017 0.158130
4 0.358123 0.331206 0.038354 0.138622
4 0.525011 0.330408 0.040936 0.155480
4 0.740921 0.307979 0.033176 0.110730
4 0.632262 0.297552 0.038257 0.137493
4 0.669548 0.320845 0.031980 0.142027
4 0.931247 0.313398 0.032165 0.116975
4 0.971150 0.329222 0.036926 0.125406
6 0.324160 0.308929 0.034456 0.123126
5 0.709213 0.028959 0.009945 0.017084
5 0.688773 0.027944 0.009858 0.016334
5 0.964871 0.035623 0.009287 0.015408
5 0.938758 0.034779 0.009959 0.014878
4 0.974642 0.315350 0.043337 0.103260
5 0.913670 0.034533 0.010467 0.016021
5 0.888875 0.033950 0.010612 0.016239
5 0.773159 0.030585 0.008769 0.013502
4 0.323865 0.309344 0.034551 0.130514
5 0.648421 0.028033 0.010264 0.017079
5 0.668611 0.028109 0.010914 0.018284
5 0.730008 0.029528 0.010469 0.017259
5 0.751569 0.030683 0.007643 0.012068
5 0.818257 0.031370 0.009325 0.014924
5 0.840985 0.032275 0.009320 0.014278
5 0.864786 0.033475 0.009588 0.014837
5 0.991136 0.037051 0.010658 0.017935
5 0.795633 0.031738 0.008486 0.013511
5 0.629263 0.028246 0.009992 0.016655
5 0.610287 0.028335 0.009901 0.016551