4 0.408257 0.475313 0.046115 0.124901
4 0.775694 0.542367 0.050037 0.145602
4 0.061849 0.503177 0.046094 0.149848
4 0.710290 0.630648 0.049470 0.212646
4 0.605941 0.425399 0.059852 0.099900
4 0.621996 0.489000 0.064459 0.137587
4 0.731837 0.449646 0.065474 0.121281
6 0.806266 0.475102 0.028149 0.147537
4 0.578442 0.498334 0.049507 0.115463
2 0.603686 0.411447 0.071759 0.106232
5 0.991085 0.103896 0.017435 0.025152
4 0.701296 0.511551 0.055330 0.090288
5 0.865870 0.059121 0.023116 0.022164
7 0.603686 0.411447 0.071759 0.084986
