2 0.261927 0.355523 0.081305 0.107265
6 0.730708 0.506971 0.045653 0.162472
4 0.870545 0.425916 0.043206 0.173703
4 0.646163 0.352441 0.032756 0.089815
4 0.454570 0.329669 0.028414 0.081499
4 0.527099 0.389224 0.034710 0.103653
4 0.404063 0.388195 0.036096 0.118594
3 0.368346 0.353419 0.041421 0.092603
4 0.721226 0.322798 0.028846 0.094508
4 0.438795 0.378069 0.035980 0.104554
4 0.485940 0.377299 0.033545 0.092097
4 0.969140 0.360626 0.036637 0.103244
4 0.574532 0.340628 0.029512 0.085584
4 0.624859 0.330272 0.023473 0.101901
5 0.857928 0.096741 0.009875 0.015939
5 0.927121 0.096388 0.010251 0.016283
5 0.951371 0.096019 0.010876 0.017211
5 0.880727 0.096637 0.010348 0.017120
5 0.976127 0.096151 0.011287 0.017121
1 0.723550 0.396551 0.097858 0.065803
5 0.903683 0.097130 0.009833 0.016272
6 0.625082 0.330076 0.023505 0.100966
5 0.814152 0.095434 0.010046 0.016967
5 0.772171 0.095962 0.009830 0.016470
5 0.835723 0.096214 0.009901 0.016074