4 0.978283 0.425511 0.042214 0.155143
2 0.101064 0.401165 0.076621 0.102932
4 0.717297 0.343185 0.035639 0.106558
4 0.623549 0.335668 0.034502 0.084908
6 0.445360 0.344043 0.023918 0.089171
4 0.935994 0.335707 0.038283 0.104957
3 0.118976 0.398728 0.034337 0.083630
0 0.950495 0.564763 0.098624 0.240780
4 0.766556 0.355418 0.031153 0.112778
5 0.865579 0.096003 0.010621 0.017595
5 0.911632 0.091558 0.011121 0.017272
5 0.888020 0.092783 0.010911 0.017558
5 0.984156 0.085284 0.012450 0.019026
5 0.934880 0.089982 0.011443 0.016537
5 0.958875 0.087279 0.011246 0.017921
5 0.821929 0.099554 0.009917 0.015193
5 0.800350 0.101234 0.010452 0.016006
5 0.843674 0.097537 0.009802 0.016687
5 0.779200 0.101907 0.010386 0.016555
5 0.718774 0.108945 0.010281 0.017910
5 0.807762 0.345081 0.009792 0.012694
5 0.758481 0.104673 0.009900 0.016450
1 0.148054 0.523238 0.292842 0.098142
5 0.585513 0.006251 0.011901 0.012503