4 0.453413 0.620389 0.062356 0.211154
2 0.447805 0.381594 0.097093 0.115112
4 0.573588 0.608644 0.062372 0.201112
4 0.636698 0.467636 0.042803 0.157825
4 0.052939 0.519826 0.073011 0.153949
4 0.598421 0.429183 0.042211 0.125046
4 0.918914 0.581846 0.053973 0.191216
4 0.019903 0.479007 0.039805 0.153526
4 0.846175 0.347670 0.031862 0.115270
4 0.740171 0.907563 0.102800 0.183486
5 0.684561 0.530029 0.011150 0.014745
5 0.162829 0.542353 0.010804 0.015936
4 0.452427 0.413588 0.055657 0.091179
7 0.447805 0.381594 0.097093 0.092090
