2 0.187885 0.323940 0.081848 0.115975
4 0.748963 0.433688 0.058147 0.147455
4 0.556405 0.414605 0.051777 0.156285
4 0.344386 0.315062 0.033780 0.111773
4 0.594987 0.307276 0.027166 0.084049
4 0.535960 0.252570 0.038012 0.094190
4 0.893657 0.286449 0.037812 0.090286
4 0.673010 0.275249 0.032001 0.074737
4 0.571966 0.263588 0.054440 0.068876
5 0.891154 0.035905 0.010449 0.016109
5 0.867677 0.037701 0.010495 0.016744
5 0.915522 0.035586 0.011257 0.017471
5 0.734714 0.042893 0.010113 0.015772
5 0.844300 0.037882 0.010147 0.015904
5 0.940367 0.034727 0.010764 0.015903
4 0.261101 0.314817 0.046890 0.105996
5 0.992367 0.031322 0.011967 0.019234
5 0.714607 0.043663 0.010001 0.016408
5 0.966069 0.033559 0.010206 0.015346
5 0.821584 0.040732 0.009388 0.015483
5 0.755731 0.042413 0.010402 0.017298
5 0.777222 0.042154 0.008429 0.014326
5 0.694077 0.044789 0.010257 0.014794
4 0.631156 0.280622 0.024834 0.091599
5 0.799356 0.040849 0.009338 0.015137