4 0.851997 0.491173 0.046898 0.165248
4 0.784096 0.715878 0.066143 0.290337
4 0.465597 0.686309 0.064107 0.223845
4 0.606368 0.418418 0.036108 0.147562
4 0.309216 0.447980 0.046571 0.152235
2 0.312795 0.394630 0.096827 0.122229
4 0.399225 0.473788 0.050337 0.085828
4 0.407798 0.397822 0.037529 0.092521
4 0.192813 0.492798 0.062470 0.162563
1 0.569522 0.440985 0.101687 0.126226
4 0.192186 0.532531 0.057169 0.104656
3 0.324305 0.403776 0.055919 0.110337
4 0.016276 0.491652 0.032552 0.144293
4 0.017032 0.518114 0.033849 0.131993
5 0.668595 0.725471 0.013005 0.016036
5 0.539185 0.745632 0.010481 0.015019
7 0.312795 0.394630 0.096827 0.097783
