2 0.302941 0.383287 0.079465 0.107973
4 0.917496 0.464265 0.048782 0.149480
6 0.657538 0.360175 0.024813 0.103073
4 0.834449 0.357318 0.027667 0.096008
6 0.179708 0.415433 0.031998 0.129945
4 0.541604 0.414989 0.032851 0.116589
4 0.504042 0.393821 0.032526 0.126485
4 0.757740 0.396492 0.032589 0.111020
6 0.373801 0.372504 0.036562 0.115696
4 0.478648 0.389014 0.031017 0.088635
4 0.545948 0.359185 0.038768 0.123156
5 0.900056 0.125655 0.010064 0.015940
5 0.923518 0.126061 0.009605 0.014812
5 0.877534 0.125591 0.009692 0.016060
5 0.947098 0.126503 0.009592 0.014876
5 0.813124 0.125689 0.009768 0.015364
5 0.834420 0.126112 0.009857 0.016867
5 0.994834 0.124960 0.010331 0.019444