2 0.169534 0.362495 0.084843 0.109730
6 0.631544 0.505958 0.049285 0.190677
4 0.532431 0.349635 0.031467 0.098293
4 0.464617 0.388405 0.038425 0.103862
4 0.787152 0.359582 0.040034 0.096350
4 0.306699 0.398628 0.037243 0.118728
4 0.385197 0.379033 0.030663 0.098052
4 0.649489 0.387894 0.044133 0.104031
4 0.403699 0.347452 0.026699 0.097148
4 0.341546 0.364041 0.029137 0.103304
3 0.264416 0.347676 0.032475 0.116582
5 0.658756 0.106691 0.009880 0.017664
5 0.678347 0.105558 0.009735 0.016446
5 0.418284 0.007442 0.012371 0.014883
5 0.782121 0.105019 0.010564 0.017384
5 0.972653 0.105309 0.010677 0.017461
5 0.698166 0.105492 0.009581 0.016281
4 0.637557 0.329116 0.049345 0.064725
5 0.760529 0.105854 0.009291 0.015681
5 0.739096 0.105110 0.009617 0.016172
5 0.996435 0.104814 0.007131 0.015843
5 0.718629 0.105464 0.010752 0.017898
4 0.344170 0.344961 0.031631 0.120751
5 0.946891 0.105627 0.010052 0.017650
5 0.804103 0.105950 0.009913 0.017158