2 0.205248 0.409254 0.077175 0.109137
6 0.394749 0.439032 0.032590 0.114480
4 0.562940 0.446203 0.030467 0.107279
4 0.755004 0.479055 0.041388 0.128778
4 0.313260 0.427965 0.039828 0.114142
4 0.146148 0.474190 0.033275 0.129643
4 0.989213 0.466564 0.021575 0.131221
4 0.008544 0.604781 0.017088 0.213199
5 0.076026 0.227196 0.014306 0.024251
4 0.281813 0.418521 0.025884 0.099183
5 0.013590 0.311126 0.011985 0.018270
5 0.007302 0.456424 0.013033 0.017518
4 0.787925 0.430095 0.021287 0.098958
3 0.282035 0.420142 0.027015 0.097724
4 0.298172 0.411168 0.021775 0.104701