4 0.277938 0.617747 0.048034 0.144678
2 0.418396 0.386632 0.072696 0.089095
4 0.525098 0.515066 0.050763 0.130012
4 0.959091 0.682163 0.064305 0.184813
4 0.269271 0.466695 0.045197 0.112000
4 0.632617 0.452338 0.032198 0.100071
4 0.770576 0.454809 0.033427 0.117453
6 0.174827 0.368439 0.026495 0.119300
4 0.201247 0.406612 0.048763 0.106192
4 0.487843 0.419502 0.049800 0.094325
3 0.429489 0.385190 0.032953 0.092037
5 0.304730 0.538508 0.009887 0.013942
2 0.461073 0.157683 0.729391 0.315366
5 0.328563 0.674004 0.010352 0.013279
5 0.779640 0.055288 0.012479 0.016738
7 0.418396 0.386632 0.072696 0.071276
