6 0.344429 0.660149 0.093213 0.258700
4 0.427018 0.383424 0.048297 0.144530
4 0.868276 0.504742 0.058878 0.155182
2 0.231342 0.367426 0.105156 0.127115
3 0.350829 0.370382 0.051008 0.117317
4 0.486240 0.444806 0.063796 0.120132
4 0.624694 0.382316 0.044791 0.107132
4 0.524105 0.392878 0.051708 0.140834
4 0.953626 0.388893 0.031857 0.111420
4 0.788591 0.357546 0.035420 0.093636
4 0.592383 0.422158 0.041084 0.129489
4 0.676151 0.358919 0.045563 0.126963
4 0.686313 0.402015 0.044104 0.077883
4 0.550999 0.331303 0.033455 0.090340