2 0.048649 0.512454 0.079291 0.101861
4 0.937527 0.666688 0.062074 0.160951
4 0.684740 0.638251 0.037845 0.156681
4 0.319339 0.575916 0.032693 0.113815
4 0.204858 0.529009 0.031067 0.116895
4 0.639317 0.551448 0.032566 0.080983
4 0.737471 0.547375 0.041191 0.095082
4 0.588496 0.561780 0.034432 0.097084
4 0.455771 0.486058 0.038461 0.078181
4 0.383628 0.482725 0.028329 0.073894
3 0.115313 0.513139 0.032794 0.083315
4 0.559875 0.517713 0.035388 0.082030
5 0.986225 0.326793 0.011617 0.017651
5 0.745232 0.312897 0.010094 0.015584
5 0.915031 0.322796 0.011900 0.017730
5 0.870884 0.319375 0.011184 0.018766
5 0.725617 0.312291 0.011257 0.017520
5 0.849138 0.318456 0.012003 0.019114
5 0.938369 0.323881 0.011517 0.017736
5 0.893089 0.321500 0.011850 0.019536
5 0.827275 0.317114 0.011603 0.018532
5 0.961810 0.325779 0.010977 0.017550
5 0.047117 0.125877 0.016282 0.022206
5 0.705571 0.311814 0.010593 0.019263
5 0.807007 0.315541 0.013074 0.020107
5 0.765550 0.314273 0.010619 0.017511
5 0.785572 0.315668 0.010092 0.017346