4 0.279080 0.430809 0.045762 0.110207
4 0.710512 0.572829 0.054383 0.181436
2 0.212128 0.388158 0.074155 0.107068
4 0.928921 0.492305 0.043920 0.133632
6 0.454258 0.317132 0.021554 0.089288
4 0.433434 0.371174 0.029744 0.087483
4 0.488781 0.481262 0.035931 0.126145
4 0.604251 0.428416 0.039832 0.108172
4 0.388173 0.331301 0.025948 0.075975
4 0.315005 0.431208 0.032794 0.107868
4 0.703119 0.358897 0.031316 0.098498
3 0.266495 0.392763 0.028424 0.093559
5 0.078544 0.211062 0.014653 0.022429
5 0.018001 0.298688 0.012840 0.021749
5 0.073962 0.152247 0.014004 0.022543