2 0.602498 0.311258 0.069228 0.090102
6 0.705696 0.337626 0.037439 0.114840
4 0.192585 0.396340 0.063177 0.135273
4 0.290615 0.421743 0.069963 0.114361
4 0.231495 0.326873 0.076200 0.183071
4 0.506941 0.333773 0.036557 0.101288
4 0.544133 0.314200 0.028948 0.087694
4 0.072004 0.348855 0.089088 0.076424
4 0.089937 0.348632 0.053891 0.077386
5 0.009666 0.137738 0.010364 0.017045
5 0.070593 0.133080 0.010122 0.017049
5 0.030787 0.136400 0.010401 0.018991
5 0.110635 0.373390 0.008365 0.013649
5 0.480295 0.698058 0.016178 0.019578
5 0.519689 0.126204 0.011222 0.017066
7 0.602498 0.311258 0.069228 0.072082
