6 0.625413 0.488363 0.050234 0.186957
2 0.270605 0.349058 0.080948 0.103974
6 0.644377 0.329550 0.021866 0.100420
4 0.962659 0.372985 0.031318 0.102390
3 0.286583 0.340382 0.034197 0.110844
4 0.994141 0.384223 0.011717 0.099377
5 0.912845 0.104608 0.010112 0.016510
5 0.889918 0.103956 0.009800 0.016423
5 0.936729 0.105166 0.009711 0.016692
5 0.961103 0.105310 0.010397 0.017427
4 0.976584 0.349124 0.025517 0.091662
5 0.867615 0.103095 0.008486 0.014505
5 0.845059 0.102296 0.009031 0.014753
5 0.823598 0.101970 0.008850 0.014547