2 0.270370 0.351066 0.081736 0.107119
6 0.642435 0.448161 0.036233 0.167756
6 0.644210 0.328387 0.021746 0.095638
3 0.286481 0.342561 0.034992 0.112107
4 0.927389 0.364684 0.022332 0.107239
4 0.879446 0.365039 0.031149 0.118528
4 0.905807 0.373853 0.033386 0.132101
4 0.859012 0.354432 0.025382 0.113410
4 0.834820 0.367643 0.032530 0.103254
5 0.888826 0.105078 0.010247 0.016955
5 0.935723 0.106209 0.009785 0.016686
5 0.960110 0.106179 0.010485 0.018199
5 0.911908 0.106142 0.009670 0.016621
5 0.985361 0.106789 0.011774 0.019836
5 0.866602 0.104586 0.009285 0.015378
5 0.801550 0.102877 0.009087 0.014671
5 0.844132 0.103545 0.009632 0.014904
5 0.822718 0.103419 0.009580 0.015769
5 0.780823 0.102422 0.009540 0.015575
1 0.611901 0.414798 0.336310 0.049502