4 0.792436 0.712549 0.102066 0.178141
2 0.302571 0.327646 0.069695 0.094690
4 0.553868 0.470685 0.043366 0.123091
4 0.423273 0.397454 0.042673 0.100014
4 0.493432 0.311536 0.037167 0.080894
4 0.213168 0.358887 0.033552 0.090236
6 0.473075 0.288813 0.020883 0.071533
4 0.448026 0.368977 0.031560 0.101081
4 0.368515 0.307359 0.023060 0.072853
4 0.807525 0.413989 0.053655 0.100161
4 0.349266 0.332228 0.026081 0.080177
3 0.348870 0.331867 0.026165 0.079578
5 0.664257 0.402726 0.013528 0.021156
5 0.422845 0.448865 0.008276 0.011665
7 0.302571 0.327646 0.069695 0.075752
