2 0.113302 0.419015 0.073556 0.097334
4 0.717550 0.544773 0.035329 0.152578
4 0.213038 0.494147 0.034989 0.112467
4 0.655815 0.520915 0.049471 0.120969
6 0.364139 0.374782 0.021311 0.070712
4 0.435252 0.409346 0.024267 0.073474
4 0.261514 0.436500 0.031003 0.097611
4 0.594581 0.436957 0.048288 0.048790
3 0.174036 0.419169 0.028940 0.084952
4 0.484094 0.407774 0.036673 0.083246
4 0.669738 0.461934 0.036132 0.099284
5 0.790414 0.226829 0.010853 0.017339
5 0.942883 0.237662 0.012181 0.019767
5 0.867535 0.007074 0.016707 0.014149
5 0.770392 0.226003 0.010311 0.017380
5 0.811319 0.228223 0.010746 0.017107
5 0.919818 0.235513 0.011386 0.017560
5 0.966831 0.239101 0.011896 0.019081
5 0.990464 0.241231 0.012722 0.020698
5 0.897173 0.234432 0.010496 0.016621
5 0.832306 0.229824 0.010933 0.017367
5 0.102884 0.043307 0.013592 0.023143
5 0.853347 0.231852 0.010639 0.018283
5 0.875277 0.232972 0.011435 0.018659
5 0.750739 0.224658 0.010690 0.017068
5 0.731517 0.224288 0.010966 0.019027