4 0.469645 0.454697 0.046501 0.145650
6 0.531381 0.730859 0.064285 0.272459
2 0.263629 0.377682 0.079189 0.112964
4 0.914342 0.442304 0.060339 0.168570
6 0.629615 0.314079 0.025310 0.102443
4 0.593373 0.349522 0.034981 0.105557
4 0.666810 0.344671 0.032338 0.113491
4 0.377909 0.349018 0.030597 0.078011
3 0.312185 0.372782 0.033350 0.092520
4 0.978582 0.327758 0.041587 0.103757
4 0.517374 0.369771 0.049378 0.101597
4 0.427183 0.358785 0.028643 0.100476
4 0.473351 0.346405 0.029242 0.079348
4 0.715362 0.307797 0.029883 0.055756
4 0.516079 0.333129 0.048496 0.095114
5 0.704865 0.611635 0.017545 0.015030
5 0.948370 0.062859 0.010528 0.016867
5 0.923919 0.064727 0.009680 0.015437
5 0.973269 0.059436 0.010498 0.016890
5 0.495745 0.007222 0.013398 0.014445
5 0.876676 0.068315 0.009770 0.014605
5 0.831943 0.071117 0.010142 0.015664
5 0.899714 0.067274 0.009557 0.014399
5 0.810072 0.073302 0.009844 0.016509
1 0.731040 0.384942 0.087660 0.076666