2 0.869483 0.413027 0.066726 0.079708
4 0.803732 0.427695 0.033009 0.099108
6 0.647927 0.383897 0.016131 0.068304
6 0.612859 0.765264 0.079172 0.264670
4 0.651433 0.505636 0.029782 0.126925
4 0.729502 0.451222 0.031417 0.107760
4 0.963025 0.654288 0.068010 0.166368
4 0.517407 0.441392 0.028706 0.087892
3 0.873410 0.425751 0.033828 0.062988
5 0.084560 0.247796 0.009542 0.015250
5 0.039427 0.248601 0.009898 0.015934
5 0.458422 0.006263 0.014329 0.012527
5 0.341853 0.009342 0.010525 0.014609
5 0.015904 0.250139 0.010477 0.018016
5 0.127135 0.246215 0.009840 0.015405
5 0.062470 0.248376 0.010047 0.016442
5 0.106229 0.246723 0.009705 0.015648
1 0.152878 0.680313 0.291232 0.207521
5 0.147797 0.245421 0.009531 0.014795
5 0.207365 0.242885 0.008177 0.014937
5 0.794163 0.243690 0.011487 0.017279
5 0.015166 0.250105 0.013202 0.020862
5 0.168380 0.244775 0.008065 0.015356
5 0.244527 0.243427 0.008806 0.017512
7 0.869483 0.413027 0.066726 0.063766
