4 0.435458 0.424437 0.056665 0.098921
4 0.530128 0.449007 0.055582 0.108095
6 0.644164 0.616266 0.071018 0.205211
2 0.251324 0.361590 0.066683 0.092981
4 0.319744 0.385871 0.033816 0.092151
6 0.553742 0.342337 0.022351 0.086330
4 0.850105 0.397712 0.029221 0.077112
4 0.512513 0.346861 0.031706 0.064653
4 0.426377 0.353020 0.026240 0.073115
3 0.299802 0.366433 0.023240 0.070681
4 0.602293 0.343922 0.021815 0.062048
4 0.679334 0.369065 0.038760 0.063212
1 0.650886 0.625046 0.672036 0.729637
5 0.080841 0.270733 0.010730 0.016775
5 0.135312 0.196907 0.013088 0.024090
4 0.572988 0.334778 0.024858 0.089794
7 0.251324 0.361590 0.066683 0.074385
