2 0.215261 0.285461 0.080285 0.105729
4 0.340818 0.274098 0.034837 0.129205
4 0.522326 0.316409 0.040211 0.136260
4 0.946986 0.282833 0.029672 0.109161
4 0.669704 0.289802 0.032213 0.112036
3 0.278533 0.271222 0.031681 0.122703
4 0.576649 0.306899 0.027888 0.139930
4 0.543080 0.340513 0.030871 0.143328
4 0.989497 0.322789 0.021007 0.133492
4 0.700498 0.254766 0.023589 0.096638
4 0.534969 0.238159 0.029346 0.080118
5 0.979304 0.035283 0.010880 0.016974
5 0.953689 0.034677 0.010300 0.015327
5 0.928820 0.034262 0.009368 0.013498
5 0.904408 0.034055 0.009612 0.014307
5 0.857896 0.034168 0.009642 0.014193
5 0.881296 0.034204 0.009265 0.015089
6 0.988680 0.824983 0.021937 0.344872
5 0.835189 0.032862 0.009389 0.013947