2 0.199573 0.362880 0.077089 0.108721
6 0.532796 0.332819 0.027348 0.105525
4 0.492369 0.370643 0.031322 0.104708
4 0.771553 0.443944 0.033703 0.142188
4 0.337504 0.375872 0.023695 0.103893
4 0.839017 0.398964 0.039460 0.137140
3 0.281103 0.353915 0.028692 0.103488
4 0.446063 0.437854 0.039084 0.134351
4 0.857330 0.406275 0.027541 0.131331
4 0.408198 0.386280 0.030541 0.110761
4 0.645129 0.309485 0.020835 0.100005
5 0.064880 0.182566 0.014751 0.023049
1 0.629097 0.655264 0.661008 0.663384
1 0.181747 0.537741 0.363494 0.281106