2 0.384411 0.517146 0.066233 0.087561
4 0.746312 0.654654 0.048205 0.146732
4 0.938368 0.704667 0.050884 0.165200
4 0.500894 0.545084 0.033541 0.095278
4 0.813496 0.570390 0.051203 0.105684
4 0.588136 0.551839 0.031011 0.099542
3 0.433451 0.514967 0.036887 0.092509
4 0.900199 0.568758 0.036676 0.096844
4 0.625594 0.528894 0.027140 0.085952
5 0.090969 0.862418 0.016989 0.019965
5 0.231591 0.181435 0.016449 0.024217
5 0.933164 0.342041 0.008927 0.014462
5 0.913033 0.340399 0.010015 0.014916
5 0.818294 0.334519 0.010146 0.016897
5 0.836119 0.334996 0.009680 0.016236
5 0.783348 0.332796 0.011010 0.019025
5 0.800434 0.333565 0.010250 0.015895
5 0.881561 0.215506 0.013692 0.020757
4 0.603418 0.544943 0.062407 0.064766
5 0.975951 0.343083 0.010878 0.016780
5 0.854238 0.336180 0.009895 0.015960