4 0.417338 0.551248 0.059852 0.185614
2 0.363739 0.339297 0.066781 0.092543
4 0.755897 0.475989 0.053695 0.151814
4 0.190670 0.450638 0.064129 0.141438
4 0.435948 0.356352 0.038117 0.099675
4 0.267249 0.429154 0.053585 0.151033
4 0.648954 0.357603 0.035540 0.101143
4 0.549429 0.381397 0.035886 0.119696
3 0.367941 0.355245 0.040952 0.076065
5 0.219128 0.537524 0.012041 0.019333
5 0.991812 0.096585 0.011203 0.017864
5 0.067295 0.730746 0.017121 0.018832
5 0.946443 0.098550 0.010356 0.014907
5 0.903469 0.099513 0.009876 0.014293
5 0.968585 0.097366 0.011119 0.017226