2 0.300268 0.422612 0.065564 0.092632
4 0.784008 0.583913 0.049228 0.170182
4 0.466209 0.455131 0.029939 0.106647
4 0.903054 0.445123 0.041453 0.092540
6 0.206394 0.436348 0.032114 0.112113
4 0.589102 0.513183 0.040968 0.129235
4 0.639108 0.433425 0.031122 0.091068
4 0.412651 0.458174 0.028166 0.097928
4 0.263006 0.465721 0.029179 0.113287
4 0.381705 0.416337 0.022355 0.088387
4 0.571104 0.422818 0.030753 0.071609
4 0.353516 0.433444 0.026338 0.094231
4 0.530035 0.399983 0.028459 0.060789
5 0.896120 0.207010 0.010590 0.017105
5 0.123968 0.080134 0.019971 0.041551
5 0.917626 0.206341 0.011143 0.017330
5 0.939206 0.206263 0.010507 0.018041
5 0.961784 0.206980 0.010519 0.017757
5 0.875260 0.206340 0.011279 0.018215
5 0.985635 0.205697 0.011283 0.018040
4 0.991092 0.454355 0.017816 0.109142
6 0.353476 0.433652 0.026938 0.094236
5 0.986615 0.205747 0.013171 0.022129
5 0.854907 0.207522 0.009642 0.015350
7 0.300268 0.422612 0.065564 0.074106
