2 0.170731 0.394002 0.071445 0.101834
6 0.373404 0.325679 0.019463 0.087160
4 0.610190 0.517802 0.050979 0.173468
4 0.491904 0.353699 0.032876 0.095520
4 0.778226 0.347177 0.036064 0.108565
4 0.941051 0.404242 0.036369 0.117196
4 0.666556 0.321194 0.026478 0.086165
4 0.706153 0.302787 0.023758 0.084897
4 0.568836 0.313548 0.037745 0.068606
3 0.185065 0.386034 0.031289 0.092586
5 0.869503 0.086632 0.010403 0.015478
5 0.847738 0.088825 0.010684 0.017078
5 0.914797 0.081892 0.010154 0.016631
5 0.784593 0.096213 0.010277 0.017158
5 0.826151 0.091476 0.010733 0.017709
4 0.877138 0.311208 0.059035 0.060612
5 0.805208 0.094029 0.010987 0.018237
5 0.938360 0.079160 0.010250 0.015336
5 0.892025 0.084889 0.009092 0.015303
5 0.669625 0.111543 0.010888 0.015208
5 0.987776 0.073942 0.012415 0.019808
5 0.651936 0.112974 0.009610 0.014959
1 0.178456 0.519278 0.356912 0.089037
5 0.764385 0.098262 0.009499 0.014736
5 0.962167 0.076911 0.011148 0.017496
5 0.634094 0.115217 0.009394 0.016148