2 0.068752 0.481017 0.134632 0.186045
4 0.928079 0.452449 0.073653 0.200759
4 0.788731 0.480014 0.042100 0.181240
3 0.076197 0.505349 0.066493 0.162513
1 0.199303 0.798161 0.397071 0.334316
5 0.794917 0.038908 0.012646 0.020336
5 0.957295 0.027820 0.012702 0.020419
5 0.650783 0.047971 0.012263 0.020833
5 0.923814 0.029101 0.011979 0.019129
5 0.624234 0.049286 0.013442 0.021567
5 0.825897 0.037282 0.013152 0.021515
5 0.764924 0.040022 0.011687 0.017956
5 0.857467 0.035157 0.012587 0.020505
5 0.598139 0.050708 0.013303 0.020450
5 0.706419 0.046028 0.012928 0.018844
5 0.735059 0.043870 0.011426 0.018588
5 0.677950 0.047237 0.011539 0.019655
5 0.992075 0.026457 0.012790 0.020736
5 0.889842 0.032028 0.012850 0.020792
5 0.571976 0.053180 0.011546 0.018003
1 0.655274 0.044265 0.680921 0.088530
5 0.546962 0.053928 0.011292 0.017231
5 0.911975 0.690424 0.028804 0.021321
5 0.522586 0.055331 0.010135 0.016447