4 0.101611 0.509001 0.041512 0.155152
2 0.186201 0.376535 0.070633 0.093846
4 0.188352 0.486814 0.039565 0.130296
6 0.345827 0.681708 0.045615 0.230749
6 0.253148 0.357287 0.022098 0.100086
4 0.749251 0.511494 0.034300 0.110605
4 0.330356 0.408767 0.037415 0.064416
4 0.778683 0.487726 0.031639 0.113026
4 0.531166 0.366861 0.021793 0.085394
3 0.231986 0.371703 0.018724 0.094940
4 0.494128 0.360572 0.025708 0.082567
6 0.232767 0.371657 0.018931 0.096124
4 0.333788 0.368317 0.031907 0.082816
5 0.065887 0.210235 0.014328 0.023283
4 0.871054 0.398621 0.026565 0.102241