2 0.844444 0.227311 0.062021 0.079466
4 0.726713 0.425350 0.041683 0.132786
4 0.135213 0.424132 0.054210 0.130656
4 0.975900 0.428278 0.047343 0.135416
4 0.649645 0.299419 0.034837 0.107237
4 0.601952 0.310759 0.035933 0.121474
4 0.772373 0.237774 0.024595 0.097291
4 0.943051 0.301926 0.043124 0.110439
3 0.847802 0.228173 0.029737 0.083441
4 0.777216 0.386466 0.040277 0.136266
5 0.018962 0.171780 0.014833 0.024485
5 0.118994 0.142609 0.039142 0.054028
4 0.795184 0.304684 0.054693 0.083341
5 0.723738 0.104017 0.012685 0.020745
5 0.804061 0.915222 0.018215 0.022628