2 0.177907 0.372453 0.084293 0.108739
6 0.629526 0.521224 0.047227 0.186988
4 0.538272 0.365362 0.041189 0.090546
4 0.353784 0.374585 0.026330 0.104609
4 0.403206 0.389937 0.035154 0.096889
4 0.473953 0.410101 0.040136 0.105462
4 0.654439 0.404310 0.039795 0.107426
4 0.317109 0.409967 0.035205 0.118828
3 0.280422 0.371176 0.039030 0.094919
4 0.790077 0.375676 0.036624 0.094948
4 0.450240 0.340997 0.029182 0.067613
4 0.499258 0.375362 0.040644 0.066666
4 0.648622 0.346379 0.030040 0.070052
4 0.986087 0.414486 0.027826 0.121230
5 0.905157 0.122529 0.011480 0.017864
4 0.990426 0.411760 0.019147 0.120215
5 0.685513 0.120208 0.009335 0.015037
5 0.881046 0.122692 0.011187 0.017308
5 0.929658 0.122706 0.011154 0.018356
5 0.705727 0.120647 0.010359 0.015720
5 0.980752 0.122864 0.012835 0.019907