2 0.048800 0.387227 0.088274 0.119433
6 0.666284 0.719228 0.073059 0.311874
4 0.480695 0.366479 0.041978 0.100281
3 0.131964 0.369585 0.031547 0.117883
4 0.823429 0.316726 0.028000 0.104863
6 0.334915 0.303020 0.017754 0.086592
4 0.472888 0.327698 0.031747 0.094948
4 0.694844 0.316611 0.023857 0.105742
4 0.676414 0.327055 0.029504 0.078592
4 0.806170 0.311388 0.024531 0.096572
4 0.242066 0.391170 0.031097 0.128869
4 0.869340 0.312253 0.026440 0.103121
5 0.682349 0.089266 0.011273 0.016239
5 0.969510 0.071953 0.013010 0.020330
5 0.842378 0.076848 0.011626 0.017888
5 0.794450 0.080029 0.011418 0.018418
5 0.298493 0.007623 0.014433 0.015247
5 0.866995 0.076011 0.010852 0.015962
5 0.770895 0.081352 0.010694 0.018505
5 0.818040 0.078815 0.011625 0.018674
5 0.892094 0.074594 0.011285 0.016971
5 0.943068 0.073331 0.011315 0.018070
5 0.994967 0.071386 0.010065 0.020307
5 0.725774 0.084262 0.010944 0.018316
5 0.704011 0.087210 0.010897 0.018090
5 0.748106 0.083270 0.010052 0.017688
5 0.661212 0.090358 0.010782 0.017357
5 0.620499 0.090527 0.010882 0.019967
5 0.640022 0.091031 0.010883 0.017543