4 0.279097 0.322011 0.051331 0.110318
4 0.864993 0.386618 0.043459 0.154719
4 0.785236 0.344978 0.041119 0.137677
4 0.406416 0.512167 0.050337 0.203945
4 0.374217 0.447034 0.037396 0.168296
4 0.427544 0.296036 0.028949 0.085204
3 0.369790 0.282880 0.049211 0.082693
4 0.140086 0.298630 0.061973 0.105561
2 0.385988 0.276215 0.049434 0.092672
5 0.926709 0.048172 0.010049 0.014876
5 0.080169 0.657628 0.017878 0.021596
5 0.948871 0.048528 0.009659 0.015366
4 0.799746 0.321398 0.048960 0.095022
5 0.970933 0.047256 0.010164 0.016265
5 0.846203 0.048570 0.009665 0.016232
5 0.827181 0.048449 0.009501 0.015649
5 0.885112 0.047549 0.010577 0.017604
5 0.993873 0.047255 0.010839 0.017614
5 0.846555 0.047961 0.012731 0.018346
5 0.865636 0.048477 0.009994 0.016893
5 0.905927 0.048521 0.010117 0.015024
7 0.385988 0.276215 0.049434 0.074138
