2 0.106854 0.365318 0.083565 0.114322
4 0.229361 0.387875 0.045001 0.150206
4 0.659402 0.428361 0.041830 0.120181
4 0.415212 0.387841 0.039433 0.105948
4 0.566711 0.317752 0.028493 0.076624
4 0.320701 0.359176 0.029722 0.103183
4 0.480185 0.350720 0.033251 0.070704
4 0.682090 0.337348 0.031879 0.095884
6 0.164763 0.334924 0.026355 0.098077
4 0.357264 0.375192 0.032880 0.087820
4 0.439550 0.343936 0.039791 0.078547
5 0.559698 0.607090 0.016354 0.016059
4 0.364937 0.321639 0.030208 0.068841
6 0.487433 0.322845 0.027532 0.085901
5 0.747004 0.085710 0.009900 0.016844
5 0.937801 0.078874 0.011083 0.016100
5 0.683099 0.086686 0.009428 0.018624
5 0.912745 0.079378 0.010614 0.016853
5 0.703728 0.086713 0.010110 0.017688
5 0.724975 0.086133 0.009840 0.016939
5 0.072236 0.007947 0.018033 0.015895
5 0.862550 0.080370 0.010974 0.017703
5 0.964069 0.078308 0.011009 0.016051
5 0.838289 0.080782 0.010395 0.016970
5 0.887351 0.079637 0.010526 0.016678
5 0.990401 0.078531 0.012362 0.016781
5 0.791672 0.083028 0.010802 0.018213
5 0.814678 0.081738 0.010327 0.017552
5 0.641913 0.087770 0.010649 0.017514
5 0.622160 0.088585 0.010556 0.015838
5 0.768531 0.083077 0.010340 0.018236
4 0.488175 0.323309 0.029152 0.086671
5 0.662088 0.087330 0.011232 0.018670
7 0.106854 0.365318 0.083565 0.091458
