6 0.973196 0.656077 0.053075 0.288342
2 0.179771 0.321774 0.083445 0.117440
4 0.731679 0.359271 0.041881 0.128052
4 0.512119 0.289703 0.045334 0.093070
4 0.644611 0.279145 0.048470 0.088276
4 0.387198 0.328808 0.032251 0.105275
4 0.431096 0.322053 0.032276 0.114153
4 0.560872 0.365939 0.035818 0.115771
4 0.451772 0.271510 0.028448 0.098264
4 0.602331 0.305426 0.030486 0.104393
5 0.622718 0.574665 0.017513 0.015535
3 0.284021 0.320822 0.047879 0.098573
4 0.562218 0.281870 0.027505 0.099572
4 0.284525 0.321394 0.047656 0.097005
5 0.731456 0.046460 0.011351 0.017090
5 0.888152 0.042381 0.009920 0.015173
5 0.690042 0.047830 0.009712 0.016190
5 0.990246 0.038973 0.010484 0.017428
5 0.963293 0.040424 0.009492 0.015114
5 0.912910 0.041721 0.009999 0.015309
5 0.752155 0.045986 0.010120 0.015571
5 0.651186 0.050461 0.009661 0.015738
5 0.937619 0.041281 0.010059 0.015152
5 0.670389 0.048804 0.009665 0.016090
5 0.710537 0.046925 0.010184 0.015888
5 0.864283 0.043502 0.009221 0.014614
5 0.795937 0.045560 0.009833 0.015047
5 0.818599 0.045292 0.010252 0.015051
5 0.774056 0.045866 0.009139 0.014460
5 0.841285 0.044191 0.009748 0.015172