4 0.683190 0.455083 0.065031 0.146048
2 0.391973 0.315901 0.077145 0.106136
4 0.530496 0.321373 0.036772 0.098955
4 0.692300 0.295828 0.030838 0.087414
4 0.315040 0.372443 0.043324 0.106781
6 0.676752 0.259189 0.019188 0.081272
4 0.468556 0.321413 0.032993 0.111731
4 0.511052 0.294477 0.026562 0.106097
4 0.171056 0.426304 0.077135 0.149800
5 0.084580 0.744429 0.019267 0.024674
4 0.448643 0.324342 0.033545 0.096479
5 0.937781 0.052043 0.010314 0.016413
5 0.960569 0.052208 0.011130 0.017535
5 0.915650 0.052767 0.010115 0.015831
5 0.097492 0.277754 0.017974 0.020289