4 0.700033 0.490621 0.053965 0.145061
6 0.145591 0.495064 0.044397 0.183010
4 0.692117 0.345950 0.034974 0.090189
4 0.828206 0.407634 0.067182 0.123750
4 0.956443 0.320801 0.050963 0.094926
4 0.558795 0.367833 0.041436 0.123651
3 0.516395 0.346231 0.035772 0.130495
4 0.379024 0.356185 0.040467 0.116278
2 0.415035 0.361705 0.093792 0.120310
5 0.881321 0.383505 0.009972 0.017907
5 0.983993 0.361508 0.008628 0.012804
1 0.669009 0.403623 0.099428 0.106266
4 0.839933 0.364014 0.048881 0.120174
5 0.811527 0.330662 0.007402 0.012316