4 0.728433 0.449107 0.051132 0.133976
4 0.790949 0.371371 0.045492 0.132433
4 0.239181 0.336202 0.043769 0.128959
4 0.680664 0.433810 0.058345 0.143734
4 0.462662 0.272690 0.036395 0.098963
4 0.012896 0.327564 0.025793 0.113875
4 0.621838 0.304992 0.036600 0.118252
4 0.101326 0.223418 0.023840 0.100941
4 0.691616 0.262730 0.032067 0.130962
4 0.873942 0.324011 0.039897 0.111864
4 0.583225 0.511856 0.045561 0.227406
2 0.546156 0.238867 0.071342 0.092726
5 0.619993 0.463970 0.011882 0.019637
3 0.554719 0.241470 0.031536 0.088628
5 0.421088 0.432275 0.008115 0.011755
7 0.546156 0.238867 0.071342 0.074181
