4 0.615455 0.582375 0.046301 0.170393
2 0.497087 0.399600 0.058167 0.087815
4 0.822271 0.458995 0.028109 0.104273
6 0.347523 0.486320 0.028728 0.143944
4 0.685990 0.534477 0.039606 0.139077
4 0.760917 0.467083 0.029690 0.135832
4 0.737142 0.453560 0.025359 0.120665
3 0.510060 0.394304 0.028493 0.081881
1 0.462339 0.144174 0.743265 0.288348
5 0.394267 0.248184 0.012584 0.022178
5 0.201952 0.360392 0.012897 0.020700
5 0.345644 0.316566 0.011230 0.017375
5 0.165398 0.231991 0.024273 0.038111
1 0.340416 0.156133 0.680832 0.312267