2 0.179457 0.420026 0.074088 0.095604
4 0.294595 0.450367 0.041309 0.097073
6 0.420448 0.841991 0.057927 0.269977
4 0.501537 0.423340 0.031615 0.084178
3 0.243407 0.421117 0.031854 0.079296
4 0.346562 0.387746 0.024716 0.079590
4 0.611442 0.500002 0.040891 0.108338
6 0.477751 0.406331 0.019085 0.087705
4 0.528966 0.400055 0.025536 0.069391
4 0.452383 0.445541 0.036391 0.102717
5 0.876469 0.238857 0.009735 0.016286
5 0.898646 0.241682 0.009734 0.014833
5 0.990311 0.247734 0.012160 0.019838
5 0.966430 0.246726 0.012184 0.018422
5 0.855237 0.237979 0.009645 0.015840
5 0.943617 0.245433 0.010521 0.017329
5 0.920627 0.243231 0.009498 0.015584
5 0.173181 0.053630 0.014512 0.022467
4 0.731812 0.461257 0.026087 0.045757
5 0.629188 0.226682 0.009431 0.016392
5 0.646688 0.228017 0.010125 0.017392