2 0.128353 0.400909 0.076021 0.102233
4 0.790246 0.509313 0.043677 0.094231
6 0.186185 0.500288 0.041190 0.188067
4 0.525417 0.413170 0.046719 0.090479
4 0.398237 0.436739 0.032172 0.089769
4 0.755427 0.428352 0.027311 0.081603
0 0.953425 0.725235 0.093150 0.235705
4 0.710205 0.420969 0.024261 0.093326
5 0.889096 0.238278 0.010397 0.017400
4 0.194153 0.398616 0.036613 0.091430
5 0.783964 0.230529 0.009986 0.017400
5 0.911427 0.240893 0.010518 0.017649
5 0.295502 0.007042 0.018332 0.014084
5 0.867644 0.236944 0.008627 0.015000
5 0.803896 0.230694 0.010033 0.016591
5 0.614297 0.527117 0.014366 0.026710
4 0.729208 0.420449 0.021144 0.092507
5 0.933975 0.242366 0.010437 0.018031
5 0.846125 0.234596 0.009625 0.014620
5 0.744587 0.226317 0.010625 0.017296
5 0.764038 0.228541 0.009951 0.017229
5 0.981433 0.247382 0.011517 0.018859
5 0.957389 0.245359 0.011459 0.017494
5 0.824765 0.232988 0.010313 0.016129
5 0.725275 0.225287 0.010884 0.017901
4 0.562276 0.396765 0.022173 0.076188
4 0.699622 0.441742 0.045805 0.077017