2 0.289523 0.365344 0.097841 0.117713
4 0.054701 0.642963 0.066731 0.234396
4 0.484270 0.800116 0.098359 0.334437
4 0.857490 0.582808 0.062142 0.173138
4 0.291908 0.551054 0.068762 0.162803
4 0.250298 0.534821 0.070706 0.130806
4 0.526070 0.452445 0.050062 0.137320
6 0.206256 0.520102 0.044429 0.228447
4 0.403890 0.373531 0.036421 0.113831
4 0.485935 0.405146 0.035921 0.120672
4 0.302409 0.393688 0.058946 0.103934
4 0.533524 0.421366 0.055848 0.101900
5 0.154399 0.736989 0.008473 0.015085
5 0.644401 0.701032 0.013110 0.014199
4 0.292808 0.505459 0.050001 0.169908
5 0.468398 0.466403 0.008463 0.013321
5 0.478192 0.476318 0.007583 0.012559
5 0.787269 0.659064 0.012248 0.017851
7 0.289523 0.365344 0.097841 0.094170
