6 0.069610 0.436806 0.047658 0.162901
2 0.290272 0.299701 0.083110 0.112249
4 0.607962 0.430829 0.046552 0.182897
4 0.566429 0.392814 0.044093 0.169425
4 0.757539 0.338885 0.038344 0.150528
4 0.184967 0.407641 0.048781 0.167200
4 0.238226 0.579862 0.061238 0.236969
4 0.157655 0.333504 0.036835 0.149051
4 0.955400 0.448939 0.055539 0.215696
4 0.392159 0.308875 0.027971 0.113664
4 0.985855 0.448147 0.028291 0.186759
4 0.975305 0.268105 0.048659 0.084641
3 0.312324 0.287148 0.030125 0.115297
4 0.983786 0.426192 0.032428 0.238571
6 0.979110 0.390160 0.041088 0.216661