2 0.223307 0.492101 0.068817 0.097625
4 0.351664 0.471991 0.037307 0.089870
4 0.161866 0.504663 0.028549 0.105523
3 0.279479 0.492424 0.038835 0.071262
5 0.947978 0.229538 0.009575 0.014136
5 0.971395 0.227946 0.010847 0.015943
4 0.789683 0.456204 0.025776 0.092513
5 0.902496 0.231663 0.010030 0.014720
5 0.924983 0.230879 0.009922 0.014913
4 0.240069 0.472829 0.024042 0.085072
5 0.994903 0.226430 0.010195 0.016631
5 0.880737 0.232974 0.010285 0.014870
3 0.240242 0.472593 0.024105 0.083602
5 0.759758 0.242757 0.009915 0.017669