4 0.658000 0.523045 0.038396 0.148049
4 0.466314 0.647529 0.055221 0.219574
2 0.200298 0.366394 0.074181 0.100593
4 0.562177 0.384153 0.027585 0.079805
4 0.353678 0.364677 0.034581 0.095756
4 0.410814 0.358612 0.032705 0.096521
4 0.315600 0.333937 0.019999 0.058392
4 0.919251 0.379251 0.028933 0.085260
3 0.263481 0.354548 0.025199 0.096108
4 0.607940 0.324428 0.023353 0.089009
4 0.273536 0.416147 0.041276 0.115805
4 0.282939 0.385778 0.032240 0.087707
4 0.909345 0.413594 0.019791 0.043389
1 0.618743 0.394690 0.053065 0.062600
2 0.347621 0.145761 0.688853 0.291522
7 0.200298 0.366394 0.074181 0.080474
