4 0.164552 0.541535 0.039987 0.153495
4 0.731999 0.638153 0.047439 0.213169
6 0.871862 0.750757 0.068575 0.263479
4 0.748107 0.475634 0.045651 0.129739
2 0.238993 0.374008 0.078662 0.083551
4 0.306178 0.423547 0.027740 0.112053
4 0.431492 0.409023 0.028827 0.130298
4 0.492244 0.387679 0.038792 0.102559
4 0.323931 0.356196 0.027038 0.091217
4 0.165743 0.387679 0.027734 0.108587
3 0.261834 0.373157 0.026633 0.097373
4 0.459933 0.342235 0.017843 0.087624
1 0.418190 0.411801 0.051116 0.101032
4 0.148091 0.361978 0.029837 0.077271
2 0.350898 0.148980 0.696953 0.297961
7 0.238993 0.374008 0.078662 0.066841
