2 0.087619 0.387088 0.078993 0.108196
1 0.130098 0.601325 0.260135 0.228877
6 0.467534 0.593359 0.046685 0.215923
4 0.373158 0.430723 0.045965 0.099612
4 0.276480 0.408035 0.037088 0.099433
4 0.337660 0.459123 0.036518 0.129299
4 0.686660 0.456583 0.033599 0.131629
3 0.167576 0.388403 0.038943 0.087563
4 0.425330 0.380699 0.029623 0.088636
4 0.709492 0.381224 0.025377 0.102146
4 0.517428 0.357816 0.026332 0.072430
4 0.322100 0.360429 0.028257 0.077652
4 0.475944 0.371834 0.045558 0.080539
6 0.390644 0.343851 0.015269 0.091116
1 0.529705 0.688008 0.703856 0.602658
5 0.916576 0.256765 0.044538 0.059783