2 0.459170 0.585493 0.083650 0.109110
4 0.720749 0.770899 0.056330 0.215450
4 0.670983 0.736887 0.061496 0.181981
4 0.985275 0.634107 0.029450 0.160963
4 0.264760 0.601700 0.040072 0.132689
4 0.591192 0.577352 0.030065 0.110372
6 0.165358 0.614785 0.028649 0.147176
4 0.539363 0.575203 0.034715 0.113095
3 0.475672 0.591648 0.039282 0.083365
4 0.388212 0.552305 0.044344 0.102292
5 0.991964 0.313250 0.011130 0.018566
5 0.445178 0.131269 0.016650 0.023360
5 0.969339 0.313428 0.011868 0.018018
5 0.925118 0.313532 0.011363 0.016979
5 0.946936 0.312988 0.010355 0.015740
4 0.403535 0.557290 0.042154 0.102572
5 0.883584 0.314307 0.011704 0.019063
5 0.804905 0.315285 0.011255 0.018904
5 0.947973 0.312591 0.010894 0.019329
5 0.903476 0.314084 0.010938 0.016819
5 0.786887 0.315959 0.011653 0.019805