4 0.649055 0.569390 0.059019 0.157614
2 0.610164 0.357195 0.054410 0.070211
4 0.615451 0.447454 0.028860 0.098568
4 0.448174 0.407600 0.027628 0.093432
4 0.150040 0.472903 0.037468 0.116432
6 0.856645 0.409310 0.019980 0.101042
4 0.832230 0.447451 0.033105 0.098277
3 0.614667 0.357956 0.028223 0.069660
5 0.159372 0.269280 0.014582 0.021947
5 0.743096 0.379531 0.008643 0.013232
4 0.614672 0.359165 0.027856 0.073891
5 0.741059 0.027594 0.035062 0.055187
1 0.037968 0.629759 0.075409 0.395539
7 0.610164 0.357195 0.054410 0.056169
