2 0.353901 0.283667 0.087750 0.121954
4 0.367445 0.462196 0.065612 0.157288
4 0.880669 0.480199 0.062995 0.186437
4 0.475653 0.378713 0.045474 0.117047
4 0.575499 0.385555 0.042856 0.135099
6 0.276382 0.438180 0.056091 0.209246
4 0.445142 0.341359 0.036164 0.107403
4 0.078004 0.557840 0.065641 0.194315
4 0.278013 0.340287 0.043053 0.141000
4 0.533506 0.323803 0.033954 0.146428
4 0.380613 0.636061 0.076073 0.234827
3 0.276092 0.438207 0.057551 0.207766
3 0.359901 0.307799 0.060097 0.115391
5 0.704792 0.620014 0.013740 0.013697
5 0.660982 0.388803 0.018982 0.014398
5 0.816309 0.570121 0.015092 0.013187
4 0.036509 0.750492 0.072626 0.498133
2 0.194148 0.588903 0.387352 0.822194