2 0.239200 0.321950 0.081631 0.112433
4 0.784247 0.378035 0.038153 0.144029
4 0.978126 0.380399 0.043258 0.132509
6 0.836299 0.454508 0.041076 0.180732
6 0.400661 0.313478 0.030996 0.105818
4 0.339935 0.333104 0.029082 0.113470
4 0.942217 0.359218 0.033280 0.127373
3 0.297140 0.310705 0.022078 0.124592
5 0.903848 0.084187 0.010062 0.016410
5 0.857525 0.082419 0.010131 0.015497
4 0.315836 0.338560 0.018869 0.106811
5 0.880588 0.084202 0.009864 0.016186
5 0.927584 0.085314 0.011529 0.018809
5 0.951430 0.085277 0.011649 0.018633
5 0.835344 0.082366 0.009002 0.014159
5 0.813309 0.080668 0.010450 0.015509
5 0.977282 0.086694 0.012447 0.019709