2 0.129658 0.338760 0.106246 0.128509
4 0.413372 0.364632 0.040647 0.152725
4 0.536623 0.389098 0.053050 0.138479
4 0.716196 0.452097 0.051307 0.142169
4 0.327342 0.412428 0.046264 0.157767
3 0.239570 0.330162 0.040407 0.133468
4 0.363448 0.354723 0.032897 0.140586
4 0.051402 0.318172 0.041042 0.123752
4 0.609811 0.366652 0.043160 0.109693
4 0.589151 0.321163 0.037547 0.135318
4 0.472330 0.298782 0.031411 0.099020
4 0.708080 0.339956 0.030771 0.107306
4 0.535580 0.346056 0.054298 0.124553
4 0.830387 0.362855 0.032203 0.078105
5 0.103615 0.529186 0.011414 0.017665