2 0.110706 0.404893 0.074663 0.095694
4 0.607465 0.443085 0.056677 0.107643
6 0.097410 0.546765 0.038586 0.180094
4 0.491003 0.428693 0.030142 0.097870
4 0.671638 0.492181 0.036938 0.089507
4 0.343601 0.470650 0.036785 0.107597
3 0.165867 0.406787 0.040093 0.087076
4 0.721238 0.438760 0.036342 0.082714
4 0.530330 0.413380 0.026411 0.063751
4 0.746683 0.435205 0.023608 0.083897
4 0.698181 0.433035 0.026786 0.076081
5 0.893057 0.238027 0.011210 0.018741
5 0.766009 0.226981 0.010826 0.018739
5 0.914982 0.239482 0.011160 0.018167
5 0.870604 0.235450 0.010096 0.016549
5 0.552461 0.614829 0.014969 0.025639
5 0.746507 0.225917 0.011284 0.019475
5 0.786833 0.228880 0.010191 0.017019
5 0.807009 0.231000 0.010233 0.016010
5 0.827906 0.232061 0.009979 0.016053
5 0.985400 0.246236 0.013149 0.019912
5 0.961389 0.243546 0.012364 0.020112
5 0.938027 0.242124 0.011494 0.018994
5 0.727019 0.225565 0.010682 0.019487
5 0.849252 0.234270 0.009622 0.015728
5 0.708732 0.223796 0.011670 0.021753
0 0.944238 0.721493 0.111357 0.247353