2 0.283457 0.362247 0.068891 0.099199
6 0.677654 0.615013 0.047810 0.241173
4 0.396291 0.395065 0.033152 0.106023
4 0.491756 0.364293 0.024850 0.083801
4 0.543772 0.346892 0.030879 0.076797
4 0.716956 0.414168 0.035032 0.121198
3 0.334172 0.363514 0.030479 0.078147
4 0.902412 0.362895 0.044011 0.108228
4 0.519960 0.412012 0.033675 0.103879
4 0.586860 0.346063 0.020092 0.083061
4 0.601921 0.340426 0.021456 0.092312
4 0.567231 0.348184 0.033677 0.079217
5 0.720363 0.136502 0.009095 0.014675
5 0.986223 0.131568 0.011255 0.017697
5 0.961843 0.133126 0.010829 0.017687
5 0.738240 0.135631 0.009098 0.013943
5 0.894892 0.134079 0.009583 0.018243
5 0.986934 0.131710 0.013466 0.021848
5 0.756191 0.135392 0.010022 0.018161