2 0.178682 0.329590 0.083467 0.114266
4 0.851631 0.365290 0.043532 0.147864
4 0.269492 0.355311 0.056120 0.122294
4 0.498383 0.300777 0.032042 0.097549
6 0.559842 0.281224 0.027377 0.096771
4 0.350658 0.336030 0.026675 0.117145
4 0.664215 0.321618 0.028292 0.110847
6 0.377984 0.284658 0.024314 0.101357
4 0.281902 0.297321 0.036129 0.115323
5 0.622153 0.577967 0.016717 0.014409
5 0.688927 0.051834 0.009804 0.016000
5 0.709484 0.050573 0.009756 0.016371
5 0.863115 0.045661 0.011227 0.016324
5 0.750885 0.048441 0.011671 0.018557
4 0.349623 0.265977 0.024569 0.087400
5 0.730176 0.049906 0.011383 0.018860
5 0.794662 0.047410 0.010783 0.016392
5 0.839520 0.046530 0.010485 0.016929
1 0.193199 0.485839 0.386397 0.288777
5 0.669120 0.052864 0.010162 0.016281
5 0.887197 0.045620 0.010138 0.015653
5 0.772446 0.048346 0.010245 0.016575
5 0.936463 0.043677 0.011482 0.017856
5 0.988486 0.041465 0.011263 0.018853
5 0.816999 0.047757 0.010421 0.016459
4 0.645567 0.279934 0.041601 0.062989
5 0.911618 0.044558 0.011109 0.017143
5 0.962081 0.042803 0.010672 0.017256
5 0.772674 0.048132 0.012532 0.021012
5 0.649759 0.053933 0.009906 0.015040