4 0.428337 0.435457 0.056689 0.174791
2 0.053711 0.394980 0.107247 0.149194
4 0.752919 0.645381 0.100723 0.218704
4 0.930562 0.531442 0.052466 0.190371
4 0.955972 0.869389 0.087042 0.249974
4 0.608329 0.799770 0.087104 0.307161
4 0.243388 0.563054 0.049384 0.190218
4 0.638638 0.535230 0.065012 0.208517
4 0.271576 0.633683 0.073510 0.278624
3 0.138298 0.431594 0.064274 0.158986
1 0.370056 0.460484 0.113064 0.150442
5 0.860914 0.978660 0.018684 0.028350
4 0.644754 0.456826 0.044003 0.166354
5 0.992982 0.561584 0.008093 0.014387
5 0.502098 0.453746 0.007491 0.012470
3 0.017196 0.406454 0.033649 0.121198
4 0.134686 0.468868 0.054859 0.093684
7 0.053711 0.394980 0.107247 0.119355
