2 0.339181 0.383108 0.079021 0.106702
4 0.433143 0.483396 0.044645 0.146662
4 0.793695 0.578472 0.063695 0.210836
4 0.473208 0.449330 0.040155 0.152326
4 0.631970 0.383976 0.030826 0.118238
6 0.566075 0.354705 0.018321 0.095410
4 0.550475 0.408616 0.032742 0.108650
4 0.832988 0.395996 0.027581 0.106772
3 0.407078 0.374137 0.025977 0.112020
4 0.438507 0.379423 0.037900 0.122766
5 0.942621 0.130674 0.010418 0.016924
5 0.897180 0.130381 0.010758 0.017766
5 0.919392 0.129870 0.011406 0.018366
5 0.875400 0.129547 0.011029 0.018034
5 0.990347 0.131071 0.011814 0.018900
5 0.966173 0.130891 0.011445 0.017759
5 0.853798 0.130175 0.010457 0.017597
4 0.991888 0.427759 0.016225 0.106345
5 0.832748 0.130178 0.010704 0.017373
5 0.015447 0.824967 0.020362 0.026223