2 0.134563 0.425012 0.080655 0.114030
4 0.883636 0.506137 0.061587 0.174670
4 0.400241 0.517067 0.057059 0.134733
4 0.595607 0.437947 0.039672 0.084647
3 0.197264 0.413796 0.042917 0.105373
4 0.466462 0.438387 0.036955 0.099159
4 0.518810 0.366093 0.029128 0.084103
4 0.482647 0.370249 0.032838 0.106540
4 0.402528 0.421630 0.033717 0.095608
5 0.928903 0.125708 0.011656 0.016032
5 0.763675 0.136465 0.011062 0.016752
5 0.903941 0.127385 0.010713 0.016533
5 0.954854 0.124299 0.011568 0.016171
5 0.879173 0.129015 0.010343 0.016784
5 0.855198 0.130559 0.011437 0.017960
5 0.807843 0.133806 0.011790 0.018239
4 0.947600 0.387382 0.094649 0.078395
5 0.831281 0.132370 0.011561 0.018655
5 0.742263 0.137025 0.010973 0.016788
5 0.981949 0.123372 0.011914 0.016063
4 0.397471 0.456593 0.043925 0.092078
5 0.721072 0.138010 0.011381 0.016402
4 0.891845 0.394548 0.038740 0.099105
5 0.660057 0.140929 0.009601 0.015267
4 0.197272 0.413999 0.043601 0.105638
5 0.785570 0.134866 0.012601 0.017032
4 0.423769 0.420180 0.081096 0.094289