2 0.155966 0.333482 0.082745 0.111349
4 0.620780 0.539607 0.078716 0.186288
4 0.904339 0.374408 0.060550 0.137086
6 0.887137 0.817753 0.079145 0.340994
4 0.600611 0.394333 0.034956 0.143501
4 0.275039 0.341271 0.033108 0.107493
4 0.657627 0.369828 0.030376 0.111924
4 0.244283 0.341247 0.025238 0.113798
4 0.212195 0.359523 0.034131 0.122156
6 0.460771 0.278374 0.017941 0.085042
4 0.532919 0.304230 0.035923 0.093959
4 0.565382 0.365465 0.029810 0.104834
4 0.448673 0.323325 0.029182 0.088764
5 0.690268 0.371627 0.013104 0.020160
5 0.962337 0.091502 0.011565 0.018578
5 0.750754 0.087895 0.010678 0.016503
5 0.987889 0.092278 0.012050 0.018225
5 0.887390 0.090245 0.011897 0.018213
5 0.936275 0.090921 0.011263 0.017106
5 0.708960 0.086302 0.011393 0.018826
5 0.794706 0.089317 0.011366 0.016215
5 0.863484 0.089603 0.011823 0.018155
5 0.772384 0.088281 0.010775 0.016175
5 0.911399 0.090472 0.011606 0.016996
5 0.839748 0.089180 0.012035 0.016971
5 0.688840 0.085617 0.011101 0.017595
5 0.816864 0.089327 0.011137 0.016061
5 0.729898 0.086660 0.011345 0.017646
5 0.668222 0.085081 0.010322 0.018578