4 0.722653 0.402690 0.058280 0.122922
2 0.407527 0.338820 0.065948 0.094494
4 0.318621 0.375232 0.035804 0.113118
4 0.865212 0.326069 0.049390 0.091864
4 0.814200 0.360361 0.051330 0.101400
4 0.657376 0.334758 0.027647 0.094810
4 0.700270 0.385786 0.029967 0.126776
4 0.478148 0.344940 0.021862 0.090298
4 0.496552 0.350622 0.028498 0.086183
3 0.454535 0.343320 0.022226 0.071751
5 0.921000 0.421063 0.013631 0.021704
5 0.122047 0.726088 0.017263 0.022886
5 0.913791 0.089910 0.010098 0.014870
5 0.978401 0.086940 0.009275 0.014353
5 0.893608 0.091090 0.010889 0.016602
5 0.956124 0.087271 0.009129 0.015962
5 0.934154 0.089376 0.009595 0.013369
5 0.873431 0.091969 0.009590 0.015644
3 0.161219 0.166670 0.194970 0.166360