6 0.332512 0.726242 0.113200 0.257087
2 0.143170 0.310954 0.084458 0.114350
4 0.608148 0.395216 0.047495 0.143855
3 0.221576 0.329022 0.054961 0.095614
4 0.814347 0.289120 0.048595 0.096224
4 0.496056 0.413982 0.049216 0.133953
4 0.372164 0.360535 0.047504 0.099407
4 0.408478 0.380763 0.034578 0.136437
4 0.526965 0.364226 0.036828 0.116158
4 0.942766 0.492235 0.044017 0.179653
4 0.958051 0.459483 0.053368 0.213940
5 0.633667 0.022379 0.010769 0.017464
5 0.652607 0.022341 0.009799 0.015442
7 0.143170 0.310954 0.084458 0.091480
