2 0.210249 0.398358 0.073106 0.105776
4 0.773485 0.757653 0.071456 0.250641
4 0.866452 0.529696 0.048751 0.171462
6 0.391392 0.327765 0.027082 0.088282
4 0.440294 0.484732 0.038210 0.119928
4 0.636114 0.438536 0.035690 0.116004
4 0.461541 0.386002 0.030078 0.093864
3 0.273389 0.394043 0.026931 0.094264
4 0.325607 0.420627 0.034241 0.092813
5 0.016180 0.306105 0.013348 0.019598
5 0.666664 0.393522 0.007940 0.013041
5 0.076598 0.219565 0.016139 0.025438
5 0.010956 0.453159 0.014867 0.022735
4 0.341757 0.351607 0.023069 0.079544