2 0.179229 0.322162 0.082776 0.114009
6 0.303431 0.545468 0.050837 0.233952
4 0.405866 0.309949 0.038611 0.143666
4 0.542110 0.302858 0.036088 0.095320
4 0.787973 0.298320 0.035620 0.089509
4 0.453165 0.325255 0.034324 0.108857
4 0.504569 0.304396 0.034687 0.082585
4 0.327753 0.365138 0.034645 0.112698
4 0.642544 0.334306 0.037695 0.110912
4 0.380432 0.336618 0.039659 0.099126
3 0.286205 0.318243 0.041959 0.094631
5 0.623276 0.573652 0.018441 0.016740
4 0.667121 0.279505 0.026790 0.087602
5 0.937849 0.039794 0.010811 0.017416
5 0.888183 0.041106 0.010172 0.016273
5 0.912920 0.040254 0.010877 0.017766
5 0.752198 0.045388 0.010675 0.016114
5 0.963447 0.038979 0.010782 0.017579
5 0.864355 0.041760 0.009663 0.015700
5 0.731386 0.045506 0.011358 0.016509
5 0.670452 0.047338 0.009924 0.016401
5 0.690048 0.046721 0.010230 0.016303
5 0.990016 0.037931 0.011545 0.018880
4 0.643847 0.270421 0.030554 0.069651
5 0.710372 0.045741 0.010468 0.016272
5 0.651252 0.048706 0.010026 0.016181
5 0.795834 0.044871 0.010113 0.014881
5 0.841175 0.043202 0.010084 0.016907
5 0.818314 0.043798 0.009721 0.017973
5 0.774132 0.045119 0.009967 0.015056
4 0.652821 0.278605 0.049180 0.084462