2 0.148068 0.517746 0.072427 0.097470
6 0.841253 0.664729 0.053899 0.139264
4 0.439788 0.522205 0.034387 0.091579
4 0.676536 0.514215 0.030479 0.097874
4 0.817482 0.555856 0.043352 0.112936
4 0.532219 0.566956 0.035416 0.124355
4 0.310036 0.489009 0.026722 0.094202
4 0.462648 0.505702 0.034442 0.084940
3 0.215469 0.511276 0.031996 0.089758
4 0.331958 0.483289 0.028596 0.084276
4 0.255865 0.525639 0.024521 0.086352
4 0.823651 0.505065 0.029451 0.092060
4 0.270947 0.519489 0.019857 0.085768
5 0.834227 0.281663 0.009420 0.014969
5 0.877486 0.282327 0.009071 0.015374
5 0.813501 0.281870 0.010032 0.015404
5 0.944877 0.280845 0.010673 0.016155
6 0.465820 0.456737 0.015178 0.044012
5 0.921961 0.281991 0.010365 0.015144
5 0.968489 0.281444 0.010691 0.017328
5 0.992627 0.281217 0.011729 0.020662
5 0.855821 0.281950 0.008533 0.014224
4 0.466170 0.456175 0.014183 0.043353
4 0.836516 0.507486 0.065468 0.088784
0 0.966900 0.736688 0.066040 0.190486
5 0.899655 0.282025 0.009090 0.014942
1 0.967134 0.737302 0.065658 0.193371