2 0.173301 0.420572 0.074118 0.094747
6 0.413381 0.836067 0.055749 0.263134
4 0.603386 0.477007 0.028348 0.116858
4 0.374062 0.400035 0.022240 0.093378
4 0.478131 0.458036 0.026485 0.110211
4 0.328710 0.433663 0.034799 0.105910
4 0.751343 0.445643 0.022440 0.089490
4 0.463583 0.419483 0.026882 0.095462
4 0.514192 0.392789 0.018241 0.078163
3 0.242534 0.417172 0.029339 0.081936
4 0.488629 0.413128 0.021478 0.081628
5 0.914102 0.238441 0.009195 0.014990
4 0.546216 0.423947 0.024505 0.091599
5 0.870206 0.235542 0.009826 0.015356
5 0.959859 0.242362 0.010362 0.017167
5 0.891836 0.237054 0.009402 0.015099
5 0.936980 0.240764 0.009947 0.016901
5 0.166664 0.051262 0.013680 0.018888
4 0.869377 0.456503 0.056308 0.069155
5 0.984458 0.243895 0.011428 0.018358
5 0.932243 0.008410 0.015785 0.016819
4 0.571522 0.444101 0.030024 0.116291
5 0.828004 0.233052 0.009830 0.016208
5 0.848871 0.233987 0.010130 0.016452
5 0.807431 0.231924 0.009969 0.016788
4 0.561286 0.436586 0.048591 0.130573
4 0.561912 0.403887 0.031378 0.067300
0 0.978417 0.710462 0.042694 0.190055
5 0.787438 0.230807 0.010496 0.017399