2 0.262206 0.378293 0.076787 0.112017
6 0.574455 0.694687 0.079981 0.272500
4 0.785468 0.378913 0.039769 0.138755
4 0.945538 0.363508 0.031467 0.146421
4 0.696988 0.335035 0.027034 0.111634
6 0.620560 0.331963 0.028706 0.092570
4 0.978086 0.340817 0.032127 0.127763
4 0.566911 0.327809 0.026542 0.108169
4 0.407391 0.370758 0.026963 0.118527
4 0.470551 0.369560 0.032581 0.119086
5 0.704513 0.611292 0.016541 0.014158
4 0.456558 0.369226 0.034251 0.115801
4 0.907483 0.301708 0.027436 0.110901
5 0.923887 0.063124 0.009498 0.014887
5 0.948118 0.060547 0.010197 0.016099
5 0.831819 0.069911 0.010497 0.016492
3 0.322814 0.356231 0.031856 0.115065
4 0.451356 0.369390 0.024214 0.114065
5 0.876707 0.067585 0.010001 0.014319
5 0.973127 0.058327 0.010209 0.015733
5 0.853973 0.069015 0.009863 0.015589
5 0.039998 0.008504 0.016830 0.017009
5 0.809970 0.072103 0.010564 0.017570
5 0.495690 0.006890 0.013457 0.013779
4 0.717607 0.306309 0.022111 0.056599
5 0.788983 0.073344 0.009575 0.016884
5 0.899870 0.066149 0.009779 0.014860