4 0.603309 0.487626 0.056165 0.109138
2 0.631069 0.348422 0.052851 0.062159
4 0.403206 0.403878 0.025905 0.082120
4 0.178887 0.414119 0.034141 0.088193
4 0.678113 0.426003 0.034262 0.091580
4 0.738363 0.362064 0.027432 0.073281
6 0.863525 0.393070 0.024055 0.090655
3 0.628230 0.350624 0.032402 0.063879
4 0.572993 0.346882 0.018414 0.074839
4 0.550721 0.367266 0.021016 0.080825
4 0.757642 0.344648 0.031478 0.075172
5 0.180956 0.278245 0.013237 0.021862
4 0.795526 0.348978 0.020349 0.078622
5 0.708938 0.363910 0.007944 0.011999
7 0.631069 0.348422 0.052851 0.049727
