2 0.718078 0.422528 0.062933 0.082229
4 0.532983 0.432826 0.024946 0.090907
6 0.589010 0.474079 0.025365 0.115283
4 0.128428 0.452807 0.026594 0.090540
4 0.492924 0.396761 0.018439 0.072972
4 0.399491 0.448373 0.028161 0.084609
4 0.266593 0.429072 0.032338 0.069281
4 0.635664 0.421852 0.022607 0.094086
0 0.078904 0.690244 0.156160 0.226264
4 0.439690 0.380036 0.064162 0.150712
4 0.618509 0.441763 0.028236 0.082613
4 0.382306 0.405072 0.040530 0.085674
4 0.579589 0.427937 0.029393 0.081546
5 0.081885 0.234131 0.009102 0.013963
5 0.265439 0.138082 0.020737 0.020356
1 0.078301 0.692682 0.155308 0.230379
5 0.140174 0.235616 0.008813 0.014169
5 0.040388 0.233459 0.009393 0.015490
5 0.121418 0.235360 0.008409 0.013724
5 0.650849 0.260233 0.010467 0.015009
5 0.101824 0.234741 0.008722 0.013742
4 0.625301 0.434978 0.041887 0.097385
5 0.338036 0.144121 0.016727 0.018407
4 0.371247 0.404717 0.019206 0.084423
5 0.061508 0.233077 0.008726 0.013933
5 0.066072 0.466405 0.015309 0.020693
7 0.718078 0.422528 0.062933 0.065783
