2 0.061471 0.297370 0.087895 0.117078
4 0.617914 0.331308 0.039089 0.138537
4 0.240551 0.293245 0.056904 0.084639
6 0.344522 0.762953 0.095190 0.311639
4 0.765090 0.271232 0.036714 0.103119
4 0.371704 0.303549 0.031677 0.105954
4 0.250631 0.342451 0.046856 0.117988
4 0.272280 0.260074 0.032402 0.090673
4 0.136403 0.325381 0.032673 0.102634
6 0.329640 0.764143 0.064692 0.313008
4 0.430047 0.272571 0.050649 0.081445
4 0.543232 0.246450 0.050662 0.087530
1 0.141415 0.492939 0.281890 0.196878
3 0.160428 0.292266 0.043852 0.093857
4 0.429185 0.254599 0.030385 0.107842
4 0.160547 0.292176 0.044910 0.093221
4 0.423501 0.255722 0.044776 0.108999
5 0.519955 0.542468 0.018396 0.016289
5 0.581561 0.018596 0.008962 0.016544
5 0.371191 0.023014 0.009899 0.017783
4 0.894214 0.274577 0.065579 0.068133
5 0.621828 0.017814 0.009212 0.016347
7 0.061471 0.297370 0.087895 0.093662
