2 0.396047 0.333302 0.054980 0.089389
4 0.161993 0.455951 0.042108 0.142689
4 0.512106 0.485843 0.041674 0.152323
4 0.654835 0.438921 0.038515 0.151476
4 0.457210 0.484691 0.040255 0.144397
6 0.754233 0.325924 0.027430 0.097488
4 0.560061 0.351160 0.029921 0.109381
4 0.933949 0.410059 0.036248 0.126261
4 0.848336 0.424235 0.032415 0.113747
4 0.870942 0.534983 0.042360 0.152642
4 0.705567 0.395794 0.032165 0.120209
3 0.401939 0.329794 0.027252 0.082126
5 0.081016 0.293402 0.013795 0.020727
5 0.285216 0.173826 0.014765 0.024645