2 0.345821 0.358525 0.067337 0.090144
4 0.284885 0.452340 0.041227 0.135122
4 0.586864 0.402823 0.039318 0.119387
4 0.926551 0.396358 0.043606 0.120540
4 0.662381 0.379149 0.035212 0.099978
4 0.436085 0.356897 0.026996 0.096487
4 0.372048 0.392921 0.037120 0.102928
3 0.397526 0.359064 0.031774 0.070724
6 0.039848 0.437848 0.035539 0.149502
4 0.684104 0.325848 0.027716 0.059066
5 0.726597 0.374823 0.009255 0.016413
5 0.945267 0.123815 0.009902 0.015135
5 0.045386 0.749938 0.018247 0.021887
5 0.902341 0.126014 0.008440 0.013889
5 0.991362 0.123603 0.010992 0.017024
1 0.354574 0.045536 0.701681 0.091071
4 0.671888 0.328592 0.050794 0.061798
5 0.968290 0.123944 0.009087 0.014604
4 0.670675 0.343067 0.047201 0.079233