2 0.387016 0.331988 0.076236 0.104727
4 0.484689 0.401831 0.047443 0.122624
4 0.394693 0.427232 0.049232 0.154740
6 0.673594 0.266897 0.021141 0.086992
4 0.547211 0.295091 0.026906 0.088019
4 0.792822 0.320321 0.034809 0.095166
4 0.843143 0.391578 0.045625 0.122321
4 0.721293 0.302584 0.026712 0.089264
5 0.081018 0.762087 0.020086 0.025493
4 0.501036 0.341290 0.042014 0.104917
3 0.446317 0.331575 0.030589 0.083308
5 0.908230 0.059383 0.009432 0.015386
5 0.930635 0.058915 0.008792 0.014472
5 0.953059 0.058705 0.010173 0.016570
4 0.446553 0.331943 0.030516 0.083952