2 0.113920 0.427974 0.102042 0.131498
4 0.376407 0.492012 0.049290 0.125819
4 0.299476 0.424649 0.042750 0.130167
4 0.867001 0.435247 0.033515 0.150488
4 0.608216 0.407165 0.049613 0.130830
4 0.499920 0.390726 0.045566 0.098723
4 0.671288 0.348700 0.026939 0.105183
4 0.588005 0.353744 0.031695 0.092444
4 0.385883 0.434814 0.039882 0.107163
4 0.545245 0.369655 0.034842 0.129742
6 0.979967 0.850793 0.039327 0.282164
1 0.371312 0.452811 0.071654 0.115479
5 0.493904 0.715276 0.011259 0.013739
4 0.217407 0.410693 0.037988 0.133530
5 0.307601 0.666337 0.014834 0.016693
1 0.665832 0.459268 0.121313 0.118300