2 0.079069 0.476765 0.135032 0.166243
4 0.520445 0.687978 0.074975 0.300472
4 0.214554 0.539366 0.061962 0.208979
3 0.080565 0.503797 0.073445 0.164706
4 0.562936 0.482852 0.047869 0.199739
4 0.248035 0.494139 0.051276 0.227818
4 0.452818 0.617246 0.069048 0.281736
4 0.572809 0.637274 0.055871 0.251098
4 0.573803 0.882262 0.092725 0.233640
5 0.690215 0.048228 0.011918 0.021358
5 0.838673 0.038319 0.012524 0.020914
5 0.663020 0.048573 0.013088 0.022950
5 0.807512 0.040860 0.012365 0.020059
5 0.718418 0.047229 0.012785 0.020220
5 0.936810 0.033633 0.012410 0.019752
5 0.583990 0.053199 0.012484 0.018556
5 0.870120 0.037088 0.012552 0.021613
5 0.636561 0.050121 0.013325 0.021355
5 0.902862 0.035358 0.012977 0.019941
5 0.610200 0.051501 0.013554 0.020474
5 0.970095 0.031582 0.013659 0.021176
5 0.559154 0.054316 0.011798 0.017669
5 0.777197 0.042087 0.011922 0.017706
5 0.747366 0.045071 0.012445 0.017451
5 0.534081 0.056218 0.010736 0.015747
5 0.922300 0.692867 0.026701 0.018427
5 0.462840 0.057668 0.010784 0.015889
5 0.374277 0.060144 0.011117 0.018473
5 0.509847 0.055942 0.009863 0.014114