4 0.406405 0.450203 0.041274 0.174937
2 0.484329 0.291276 0.064161 0.089849
6 0.635659 0.329621 0.021601 0.114162
4 0.372878 0.338498 0.033728 0.128234
4 0.129341 0.423089 0.043637 0.178053
4 0.060337 0.396423 0.040055 0.120329
4 0.099322 0.319328 0.078977 0.240739
4 0.397566 0.310178 0.020877 0.097286
4 0.721695 0.399999 0.036616 0.178546
3 0.490828 0.290405 0.031360 0.093824
4 0.154677 0.338235 0.028628 0.121433
4 0.588636 0.303987 0.038769 0.104775
5 0.554520 0.194655 0.010521 0.017649
4 0.150904 0.230586 0.041012 0.348293