4 0.525622 0.495194 0.041051 0.133241
2 0.524199 0.340214 0.056538 0.069854
4 0.197923 0.406883 0.037139 0.101662
4 0.401662 0.356706 0.028060 0.081315
6 0.421368 0.295045 0.015159 0.065374
4 0.438592 0.350531 0.022580 0.070832
4 0.564330 0.371562 0.028243 0.103450
4 0.521838 0.356343 0.029928 0.069124
4 0.960695 0.590386 0.078609 0.802679
4 0.467613 0.338771 0.020216 0.061041
5 0.918587 0.358756 0.014518 0.021668
5 0.653592 0.027804 0.037411 0.055609
5 0.635077 0.852626 0.017686 0.018470
4 0.737120 0.405400 0.028490 0.085165
3 0.520868 0.356155 0.032024 0.066679
1 0.631431 0.055937 0.731046 0.111873
7 0.524199 0.340214 0.056538 0.055883
