4 0.500637 0.535329 0.047435 0.170419
6 0.710703 0.897569 0.103093 0.201487
2 0.295630 0.347171 0.062695 0.097145
4 0.814898 0.415029 0.037817 0.124691
4 0.186736 0.370443 0.041265 0.115166
6 0.516273 0.293872 0.018543 0.079967
4 0.335484 0.357842 0.025944 0.082785
4 0.620046 0.360902 0.030868 0.113826
4 0.357851 0.365559 0.027394 0.087460
3 0.294521 0.371568 0.036231 0.073786
4 0.749690 0.843720 0.073360 0.298946
4 0.247120 0.377575 0.033896 0.094604
5 0.106677 0.395911 0.013281 0.018834
5 0.168193 0.173795 0.012007 0.023414
5 0.111023 0.256948 0.012458 0.020624
5 0.224278 0.249132 0.010103 0.019855
7 0.295630 0.347171 0.062695 0.077716
