4 0.325952 0.352389 0.048701 0.113159
4 0.596242 0.623438 0.059842 0.207441
3 0.251251 0.292541 0.040476 0.075647
2 0.223075 0.277950 0.073372 0.107509
4 0.914158 0.570838 0.045192 0.146553
4 0.425546 0.294050 0.028002 0.082605
4 0.404372 0.321414 0.027977 0.076085
4 0.632567 0.350999 0.024702 0.103792
4 0.906777 0.516601 0.042060 0.146851
4 0.306720 0.335846 0.029896 0.103802
6 0.566538 0.278410 0.017902 0.090284
5 0.283254 0.283324 0.005993 0.008965
4 0.910892 0.422858 0.034962 0.114670
5 0.529910 0.677838 0.018275 0.015926
7 0.223075 0.277950 0.073372 0.086007
