2 0.156000 0.513494 0.073547 0.100524
4 0.729662 0.541682 0.045014 0.120253
4 0.819028 0.509124 0.036811 0.080675
4 0.446342 0.557191 0.028656 0.120222
4 0.291776 0.523183 0.029010 0.097966
4 0.549651 0.526402 0.035815 0.091687
4 0.322392 0.510704 0.028518 0.081012
3 0.227925 0.509891 0.042428 0.091092
4 0.413361 0.474568 0.035837 0.075821
4 0.466643 0.495599 0.033389 0.089166
0 0.971454 0.733762 0.057091 0.184271
4 0.330658 0.483171 0.027794 0.086850
5 0.908686 0.280465 0.009437 0.015607
5 0.864695 0.280074 0.009484 0.015242
5 0.954716 0.280594 0.010966 0.017505
5 0.977934 0.280668 0.011993 0.018903
5 0.931468 0.280288 0.010772 0.016559
5 0.886773 0.280813 0.009043 0.015688
5 0.843629 0.280377 0.010395 0.016470
5 0.822644 0.281007 0.009721 0.015701