2 0.188840 0.359763 0.083891 0.109452
4 0.545440 0.348956 0.028602 0.100983
4 0.462771 0.376032 0.031583 0.117045
4 0.505555 0.333429 0.027796 0.115973
6 0.567430 0.328591 0.019980 0.096132
4 0.757796 0.337906 0.022363 0.098731
4 0.397369 0.369237 0.034003 0.122035
4 0.380786 0.344450 0.031958 0.150650
4 0.685877 0.410403 0.044929 0.139849
3 0.278062 0.350486 0.043939 0.111992
5 0.942669 0.103425 0.012044 0.019280
5 0.757877 0.103330 0.009018 0.014723
5 0.436558 0.007271 0.013318 0.014543
5 0.917650 0.104039 0.011693 0.019311
5 0.869656 0.102560 0.011160 0.017206
5 0.967855 0.103829 0.011455 0.019312
5 0.893420 0.103612 0.011020 0.018058
5 0.993405 0.102885 0.011659 0.020381
5 0.737154 0.102997 0.010041 0.015735
5 0.801287 0.102397 0.009792 0.015048
6 0.686235 0.410089 0.044247 0.139607
5 0.823642 0.104309 0.009193 0.015450
5 0.779674 0.102652 0.008515 0.014279
5 0.846204 0.103029 0.010331 0.016760
5 0.716950 0.103133 0.008449 0.013869
5 0.696745 0.103603 0.008393 0.014248
4 0.377485 0.358242 0.028485 0.124685