4 0.946472 0.341192 0.073675 0.157448
2 0.369905 0.188631 0.080358 0.115933
4 0.805852 0.306470 0.079245 0.149612
4 0.704282 0.239524 0.045725 0.100574
6 0.892677 0.795274 0.082364 0.222377
4 0.778330 0.155080 0.037093 0.089923
4 0.707362 0.148938 0.035252 0.081188
4 0.640105 0.213962 0.037411 0.108128
6 0.527120 0.152227 0.035923 0.085765
3 0.465106 0.191658 0.038987 0.111483
4 0.833971 0.226374 0.046122 0.174303
4 0.880259 0.210686 0.048494 0.088565
5 0.033160 0.627472 0.021747 0.025675
5 0.808536 0.481374 0.017849 0.016835
4 0.465590 0.194061 0.038222 0.107139
5 0.779748 0.267108 0.010033 0.013774
6 0.919121 0.865023 0.157174 0.264965
4 0.995422 0.200929 0.009156 0.114075