4 0.225665 0.466560 0.061309 0.137360
2 0.157197 0.359306 0.077058 0.095301
4 0.973494 0.619969 0.053012 0.199077
4 0.167899 0.557072 0.067060 0.181768
4 0.310332 0.544028 0.045603 0.173418
4 0.550822 0.535814 0.049843 0.179694
6 0.468301 0.344141 0.023690 0.090830
4 0.349814 0.374908 0.030721 0.107417
4 0.770478 0.411044 0.038145 0.107227
4 0.580583 0.467739 0.032419 0.122931
4 0.437664 0.434589 0.033287 0.101691
3 0.173679 0.369193 0.035523 0.081682
5 0.846360 0.163621 0.009992 0.017550
5 0.958995 0.170061 0.011468 0.018946
5 0.935674 0.168752 0.010067 0.016414
5 0.889930 0.165640 0.009747 0.015159
5 0.983727 0.170816 0.012177 0.020306
5 0.867722 0.164753 0.010266 0.016825
5 0.824832 0.162206 0.011229 0.019354
5 0.912461 0.167980 0.009236 0.015465
5 0.634362 0.155175 0.010696 0.018955
5 0.784838 0.159963 0.011780 0.019164
5 0.803894 0.161577 0.009992 0.017307