2 0.427473 0.384725 0.092529 0.113243
4 0.441698 0.554755 0.065346 0.165580
4 0.473514 0.817440 0.077394 0.272845
4 0.637801 0.463473 0.046124 0.137278
4 0.573413 0.417931 0.051071 0.122531
6 0.359953 0.540022 0.061039 0.205629
4 0.925015 0.536016 0.068922 0.192741
4 0.161956 0.679156 0.058922 0.192254
4 0.116298 0.549496 0.051166 0.168371
4 0.552545 0.460294 0.048596 0.109348
4 0.706653 0.378136 0.039876 0.130538
3 0.436177 0.412091 0.057687 0.098517
5 0.781949 0.687755 0.013505 0.013751
2 0.426806 0.360631 0.093574 0.157567