2 0.108650 0.352983 0.085263 0.115928
6 0.465515 0.658530 0.076783 0.234087
4 0.550516 0.400988 0.035991 0.141493
4 0.412152 0.349123 0.038430 0.148648
4 0.627696 0.306175 0.043483 0.107191
4 0.638332 0.380353 0.038583 0.114420
4 0.575261 0.287916 0.029808 0.091921
4 0.536356 0.359390 0.028306 0.125672
4 0.495456 0.322548 0.029468 0.109047
5 0.076061 0.006138 0.014291 0.012276
5 0.856938 0.059657 0.011073 0.017404
5 0.881327 0.059572 0.010704 0.017393
5 0.931850 0.057035 0.010585 0.015459
5 0.906649 0.058158 0.010703 0.016082
5 0.657908 0.070610 0.010830 0.017377
5 0.957971 0.056461 0.010206 0.014961
5 0.638168 0.070669 0.010588 0.016279
5 0.983785 0.056712 0.010838 0.017309
6 0.188657 0.336640 0.042137 0.117184
5 0.833039 0.061851 0.011127 0.017493
3 0.189247 0.335842 0.043618 0.117289
5 0.809478 0.063469 0.010611 0.016820
5 0.720965 0.067301 0.009761 0.017230
5 0.677925 0.069031 0.011114 0.017083
5 0.618458 0.071569 0.010802 0.018094