4 0.164572 0.476234 0.044638 0.164908
2 0.206580 0.341050 0.072163 0.096826
4 0.639293 0.468916 0.038535 0.164010
4 0.387568 0.390749 0.031238 0.117752
4 0.661051 0.345236 0.032104 0.091933
4 0.435978 0.362523 0.027949 0.095374
4 0.203984 0.371709 0.029573 0.088498
4 0.273946 0.369153 0.049986 0.100610
5 0.946470 0.132075 0.010104 0.015092
5 0.923175 0.131284 0.010741 0.015522
5 0.969824 0.134200 0.011526 0.016556
5 0.900400 0.130280 0.011000 0.016896
5 0.878258 0.130913 0.010261 0.017108
5 0.994255 0.134312 0.011182 0.017776
5 0.856533 0.130113 0.008986 0.016563
4 0.280697 0.368997 0.036066 0.097222
7 0.206580 0.341050 0.072163 0.077461
