4 0.471920 0.458415 0.026828 0.092550
6 0.438110 0.418315 0.014838 0.067071
6 0.577680 0.518726 0.040200 0.141225
4 0.559128 0.429800 0.020805 0.084845
4 0.523050 0.451907 0.027765 0.095508
4 0.541197 0.446714 0.018606 0.090303
4 0.594969 0.460474 0.033363 0.071319
5 0.134404 0.180237 0.020330 0.019125
5 0.532042 0.280654 0.012597 0.019248
5 0.174093 0.051169 0.017508 0.020476
2 0.600520 0.436973 0.057489 0.070690
5 0.059497 0.287562 0.009809 0.014185
5 0.046290 0.050660 0.010903 0.014396
5 0.040374 0.288236 0.009911 0.014650
5 0.020487 0.289015 0.011818 0.015907
7 0.600520 0.436973 0.057489 0.056552
