4 0.643878 0.331203 0.045937 0.110922
2 0.114749 0.315271 0.085087 0.119901
4 0.753848 0.354627 0.042671 0.123289
4 0.955023 0.303543 0.039550 0.090549
4 0.711802 0.286244 0.045495 0.086254
4 0.688963 0.273511 0.032490 0.085159
4 0.902800 0.265210 0.039734 0.108811
3 0.173098 0.303839 0.033307 0.114082
5 0.664774 0.040560 0.009402 0.016784
5 0.780846 0.308627 0.008927 0.014179
5 0.644733 0.041383 0.010498 0.016362
5 0.685184 0.040299 0.010385 0.017751
5 0.939592 0.032739 0.009100 0.015037
5 0.794052 0.036139 0.010704 0.017783
5 0.864644 0.034594 0.009770 0.015958
5 0.914229 0.032455 0.009844 0.015905
5 0.624741 0.041311 0.010735 0.017306
5 0.965666 0.032501 0.009481 0.015039
5 0.816856 0.035373 0.009480 0.016163
5 0.889056 0.033696 0.009748 0.015802
5 0.840526 0.035211 0.009897 0.016514
4 0.173050 0.304052 0.033743 0.113955
5 0.727349 0.038759 0.009246 0.015541
5 0.706069 0.039933 0.009551 0.016297
5 0.991857 0.032815 0.010543 0.018530
5 0.568091 0.044069 0.011184 0.018879
5 0.197922 0.341279 0.009019 0.019083