4 0.821368 0.396163 0.067324 0.139453
2 0.251524 0.333455 0.078955 0.111622
4 0.867003 0.319888 0.054737 0.098261
4 0.663346 0.304767 0.035627 0.097064
4 0.560607 0.329897 0.040133 0.114780
3 0.310635 0.319478 0.029818 0.115287
5 0.690254 0.589468 0.016538 0.015532
6 0.739171 0.277785 0.021448 0.085574
5 0.942475 0.052314 0.010165 0.015722
5 0.992619 0.424101 0.008552 0.012428
5 0.992809 0.051515 0.011738 0.020496
5 0.783554 0.057306 0.009593 0.015885
5 0.762965 0.057950 0.009895 0.014949
5 0.967209 0.051927 0.010643 0.016786
5 0.804874 0.057028 0.010313 0.016082
5 0.918005 0.054146 0.009843 0.016177
5 0.826295 0.055789 0.009551 0.014455
5 0.769602 0.468764 0.016261 0.012659
5 0.894424 0.055461 0.010342 0.015399
5 0.871139 0.055557 0.009339 0.014722
4 0.719330 0.282205 0.055292 0.077093