2 0.696705 0.373816 0.056305 0.064868
4 0.400826 0.547103 0.052485 0.140412
4 0.687147 0.487860 0.040191 0.108359
4 0.741813 0.432673 0.033143 0.105438
4 0.544703 0.477249 0.027947 0.103619
4 0.630509 0.393879 0.022721 0.082105
4 0.786348 0.387513 0.021564 0.086471
3 0.693729 0.383913 0.031262 0.061538
6 0.055896 0.432275 0.023228 0.098120
4 0.720083 0.414194 0.031731 0.079542
5 0.036564 0.316938 0.037544 0.049775
4 0.490718 0.380432 0.020449 0.077731
5 0.835830 0.396047 0.008195 0.013158
5 0.795726 0.647889 0.010404 0.011545
5 0.251508 0.303452 0.014728 0.022662
7 0.696705 0.373816 0.056305 0.051894
