4 0.513765 0.599946 0.044966 0.162473
6 0.010946 0.440927 0.021892 0.120434
2 0.634127 0.360513 0.050163 0.068996
4 0.396612 0.408814 0.029880 0.090845
4 0.587444 0.449660 0.027029 0.106373
4 0.713677 0.377561 0.030110 0.100052
4 0.252537 0.418909 0.039144 0.084036
4 0.567940 0.380880 0.024269 0.074861
3 0.627713 0.368015 0.030552 0.061000
5 0.771302 0.378953 0.009851 0.014004
4 0.585584 0.388851 0.023629 0.053065
5 0.767210 0.025682 0.035147 0.051365
5 0.186726 0.280289 0.013330 0.021852
7 0.634127 0.360513 0.050163 0.055197
