2 0.113903 0.424494 0.102508 0.131032
4 0.464487 0.438964 0.040347 0.148882
4 0.289719 0.423702 0.040175 0.128421
3 0.219644 0.416729 0.051287 0.111606
4 0.631566 0.362486 0.030353 0.082001
4 0.882374 0.432980 0.034777 0.130588
4 0.376196 0.486882 0.048796 0.120022
4 0.582966 0.348414 0.034725 0.090743
4 0.498528 0.389810 0.034511 0.093897
6 0.979337 0.847420 0.040561 0.284199
4 0.407896 0.435968 0.045238 0.115666
4 0.549661 0.370701 0.039113 0.132355
1 0.379297 0.445792 0.092635 0.095023
5 0.493773 0.712286 0.009226 0.012711
4 0.944965 0.375798 0.064297 0.073073
4 0.553546 0.383647 0.030727 0.127130