2 0.075599 0.499953 0.135967 0.195541
4 0.490270 0.665845 0.067529 0.289200
4 0.345668 0.492017 0.049740 0.185428
3 0.109404 0.496431 0.054305 0.170886
4 0.486243 0.517755 0.067591 0.201993
4 0.237554 0.594216 0.059299 0.218810
4 0.177465 0.470584 0.039376 0.178902
5 0.863483 0.051024 0.013568 0.020546
4 0.236105 0.507959 0.054459 0.166525
5 0.831363 0.053945 0.013634 0.020963
5 0.800690 0.056341 0.011476 0.017664
5 0.895523 0.048629 0.012821 0.021742
5 0.740880 0.062372 0.012638 0.020118
5 0.770778 0.057848 0.011567 0.017705
5 0.962923 0.044229 0.012964 0.020739
4 0.219473 0.500527 0.084528 0.181908
5 0.711903 0.062706 0.012530 0.019929
5 0.655757 0.067700 0.013795 0.020595
5 0.928834 0.046107 0.012428 0.018199
5 0.527698 0.074560 0.010798 0.017114
5 0.683346 0.065302 0.013404 0.020408
5 0.628640 0.068856 0.014493 0.021290
5 0.552462 0.073246 0.011919 0.018470
5 0.503265 0.075625 0.010918 0.015754
5 0.368065 0.083198 0.012555 0.020382
5 0.602786 0.070488 0.013998 0.022913
6 0.198838 0.499399 0.042404 0.186348
5 0.480264 0.075868 0.011132 0.015313
6 0.013268 0.122226 0.026536 0.244452
5 0.577338 0.071846 0.011537 0.019763
7 0.075599 0.499953 0.135967 0.156433
