6 0.729104 0.707234 0.066686 0.250280
2 0.187086 0.427241 0.074783 0.101559
4 0.206312 0.567238 0.047452 0.122520
4 0.949497 0.548682 0.056092 0.149836
4 0.565626 0.513811 0.034165 0.115377
4 0.264024 0.458279 0.031468 0.100425
6 0.525979 0.396260 0.028841 0.096407
4 0.504399 0.391217 0.024409 0.075974
3 0.239026 0.423998 0.024479 0.089290
4 0.669388 0.411922 0.037737 0.076438
4 0.944997 0.425899 0.024598 0.102940
4 0.616905 0.379435 0.031014 0.079040
5 0.060700 0.251873 0.013904 0.024063
4 0.566258 0.393142 0.029417 0.053452
5 0.985162 0.310588 0.015456 0.023114