4 0.409803 0.483994 0.060745 0.096654
2 0.161979 0.410151 0.075891 0.105720
4 0.752586 0.581562 0.047841 0.154468
6 0.850434 0.930767 0.078373 0.137312
4 0.513417 0.510626 0.034912 0.131375
6 0.320545 0.357416 0.020051 0.084164
4 0.283961 0.438769 0.032012 0.098466
4 0.480039 0.389042 0.033136 0.061818
4 0.538050 0.393728 0.026918 0.071129
4 0.479534 0.463734 0.038452 0.104076
1 0.161810 0.533107 0.320423 0.353496
1 0.161600 0.603410 0.319030 0.212747
4 0.713410 0.411133 0.027578 0.095964
5 0.036028 0.224787 0.013984 0.022429
4 0.872580 0.443861 0.026977 0.103970
4 0.229403 0.411320 0.036137 0.087623
4 0.596974 0.406825 0.021694 0.068808
3 0.229794 0.411381 0.037400 0.088354