2 0.255817 0.423422 0.077797 0.105273
4 0.979459 0.669354 0.041082 0.205209
4 0.415571 0.481660 0.031748 0.111631
6 0.478646 0.379870 0.017992 0.086058
4 0.383695 0.436818 0.026906 0.099131
4 0.596793 0.405414 0.028491 0.086088
4 0.318948 0.448172 0.032078 0.086947
4 0.424464 0.375241 0.021282 0.070180
4 0.575166 0.375638 0.024960 0.077745
3 0.340646 0.420885 0.028147 0.099330
5 0.129036 0.248149 0.015421 0.023762
4 0.926269 0.419404 0.043059 0.086525
5 0.063421 0.474136 0.012577 0.017278
5 0.069356 0.330325 0.012949 0.020359