4 0.237070 0.409877 0.046673 0.131158
4 0.680847 0.488372 0.051077 0.178996
2 0.352977 0.363593 0.076217 0.103250
4 0.562278 0.486540 0.047597 0.163072
4 0.706933 0.366501 0.046293 0.098312
4 0.272968 0.395976 0.042387 0.096375
4 0.548891 0.327724 0.054977 0.096255
3 0.410131 0.369033 0.046697 0.084708
5 0.031243 0.806951 0.020889 0.026453
5 0.957863 0.093797 0.012027 0.016977
6 0.745451 0.303910 0.022910 0.085551
5 0.934026 0.094058 0.011928 0.018497
5 0.889784 0.095439 0.011296 0.017992
5 0.911992 0.094896 0.011615 0.018271
5 0.278904 0.339553 0.008231 0.013851
5 0.868160 0.095475 0.011632 0.019642
5 0.981762 0.094190 0.011630 0.018086
5 0.595193 0.007623 0.013699 0.015246
4 0.551557 0.363955 0.044695 0.099805
4 0.543546 0.369401 0.060403 0.098115
4 0.528186 0.366804 0.030485 0.081002
5 0.846837 0.096859 0.010912 0.018240
4 0.533840 0.368583 0.041384 0.083814
7 0.352977 0.363593 0.076217 0.082600
