2 0.384785 0.310553 0.084208 0.125833
4 0.262182 0.326906 0.067694 0.158662
4 0.251771 0.327972 0.046972 0.155936
4 0.593999 0.418405 0.047368 0.136209
4 0.501384 0.398393 0.046241 0.119289
4 0.399185 0.482365 0.064625 0.153302
6 0.309948 0.455338 0.050813 0.215215
4 0.871247 0.492823 0.048851 0.215074
4 0.103456 0.565060 0.064642 0.183209
4 0.472999 0.361801 0.034223 0.103671
4 0.574457 0.368614 0.038082 0.111398
4 0.410663 0.650560 0.068102 0.217618
4 0.320880 0.366037 0.036690 0.125305
3 0.390502 0.320804 0.053204 0.138185