4 0.708674 0.450934 0.047982 0.168822
4 0.635809 0.390924 0.035906 0.132162
2 0.484744 0.330557 0.074658 0.101908
4 0.862941 0.483831 0.059176 0.161098
4 0.587236 0.456435 0.052753 0.164054
4 0.214335 0.473548 0.054241 0.137358
4 0.578232 0.599972 0.048407 0.225255
4 0.672863 0.350083 0.032448 0.116825
6 0.399121 0.423799 0.030674 0.158701
3 0.482795 0.330692 0.040288 0.115303
4 0.587700 0.363128 0.030314 0.115776
5 0.179387 0.735581 0.018646 0.021643
4 0.419309 0.421296 0.030019 0.133197
4 0.552835 0.384218 0.031127 0.106264