2 0.349073 0.292567 0.121610 0.146687
4 0.369559 0.534136 0.071936 0.168555
4 0.104125 0.574189 0.082311 0.268253
4 0.621631 0.432489 0.061735 0.188114
4 0.648872 0.348806 0.066141 0.163222
4 0.495642 0.362934 0.055681 0.129312
4 0.662301 0.825931 0.096643 0.333251
3 0.365460 0.320489 0.069948 0.146930
4 0.260720 0.475814 0.079797 0.271085
4 0.492568 0.413642 0.051085 0.135644
6 0.261549 0.473895 0.080445 0.274912
5 0.867809 0.465232 0.012999 0.012636
5 0.715598 0.322775 0.008344 0.015365
1 0.393074 0.623489 0.608033 0.362216