2 0.112937 0.436117 0.103070 0.130661
4 0.390198 0.477764 0.037820 0.151412
4 0.305554 0.423350 0.034348 0.151198
4 0.557067 0.442339 0.041940 0.141037
3 0.211636 0.421183 0.044469 0.127914
4 0.379378 0.430876 0.033032 0.129252
6 0.979600 0.858247 0.040502 0.278382
1 0.374854 0.461465 0.081092 0.109312
4 0.493302 0.384097 0.045267 0.120000
4 0.878858 0.431118 0.037138 0.126700
4 0.597435 0.403559 0.039466 0.122126
1 0.680476 0.464226 0.089599 0.107116
4 0.548007 0.377344 0.045219 0.129080
1 0.448779 0.452902 0.234179 0.050398
4 0.595243 0.369291 0.041526 0.118061
4 0.466417 0.346638 0.049227 0.066631
4 0.589285 0.363259 0.027907 0.110008