2 0.089647 0.346210 0.072396 0.109790
0 0.948792 0.507913 0.101720 0.251258
4 0.184911 0.337285 0.035663 0.094596
4 0.428199 0.269836 0.029764 0.071940
4 0.652329 0.356019 0.034274 0.125119
4 0.347615 0.350191 0.044146 0.111191
4 0.283503 0.288083 0.027639 0.078177
4 0.379609 0.317703 0.037689 0.095099
4 0.495441 0.269112 0.031857 0.083093
3 0.147489 0.337722 0.032279 0.086795
4 0.530155 0.256419 0.058455 0.083809
5 0.908083 0.024704 0.010442 0.017325
5 0.884721 0.027109 0.010583 0.017812
5 0.932001 0.022520 0.010876 0.016904
5 0.956410 0.018831 0.010439 0.018460
5 0.693775 0.046063 0.010362 0.015887
5 0.795733 0.035153 0.009576 0.015128
5 0.862076 0.028621 0.010065 0.017004
5 0.733766 0.041344 0.009076 0.016919
7 0.089647 0.346210 0.072396 0.087832
