2 0.209296 0.394994 0.081597 0.109245
6 0.576914 0.346128 0.025103 0.096563
4 0.787517 0.376173 0.032484 0.113095
4 0.361712 0.382386 0.039142 0.119526
4 0.869049 0.353993 0.027448 0.112494
4 0.685184 0.398105 0.030159 0.121851
5 0.863849 0.106596 0.010499 0.015855
5 0.713222 0.113041 0.010254 0.015034
5 0.733356 0.112959 0.009689 0.015171
5 0.840942 0.109021 0.009341 0.014696
5 0.754204 0.112675 0.011145 0.016745
5 0.796783 0.110482 0.009858 0.014803
5 0.818777 0.109848 0.010206 0.016331
5 0.887482 0.105311 0.010519 0.017053
5 0.911605 0.104209 0.010700 0.017060
5 0.775006 0.112169 0.010613 0.016292
5 0.936409 0.102799 0.010410 0.016014
5 0.693346 0.115200 0.010173 0.016415
5 0.987637 0.101316 0.012783 0.018859
5 0.734270 0.112612 0.009659 0.018563
3 0.287959 0.377352 0.044939 0.116708
5 0.961496 0.102138 0.010628 0.017112
6 0.279736 0.377615 0.031821 0.114175
4 0.284623 0.377250 0.042451 0.116197