2 0.264892 0.308315 0.067485 0.097173
4 0.835269 0.370494 0.045016 0.144604
4 0.738802 0.343026 0.038035 0.117527
6 0.172141 0.346885 0.029705 0.123809
4 0.606297 0.330236 0.031985 0.107779
4 0.561491 0.312393 0.039251 0.075467
4 0.687265 0.315196 0.028006 0.080521
4 0.372424 0.290519 0.031136 0.097980
4 0.335043 0.307843 0.028599 0.090547
4 0.468543 0.337873 0.031579 0.086229
4 0.457369 0.317477 0.035250 0.101529
5 0.991183 0.029530 0.010134 0.017561
5 0.875557 0.037686 0.009579 0.014181
5 0.897116 0.036363 0.008856 0.013739
5 0.919732 0.034199 0.010128 0.014244
5 0.966998 0.030380 0.009471 0.014995
4 0.302411 0.299143 0.034340 0.091694
4 0.978765 0.277954 0.041628 0.082098
3 0.301555 0.299080 0.036093 0.091029
5 0.942976 0.032660 0.008895 0.013352
7 0.264892 0.308315 0.067485 0.077738
