2 0.368107 0.294588 0.076651 0.107255
4 0.977785 0.401850 0.044005 0.186826
4 0.835110 0.358197 0.046938 0.132218
3 0.436118 0.290294 0.034081 0.100672
6 0.276393 0.312618 0.026912 0.129763
4 0.503963 0.318911 0.031748 0.112897
4 0.784747 0.241849 0.031293 0.092357
4 0.563073 0.279260 0.033180 0.088955
4 0.638465 0.260656 0.043587 0.143191
4 0.296525 0.302880 0.031131 0.115447
5 0.038574 0.748044 0.021912 0.025149
5 0.810032 0.565052 0.019905 0.018082
5 0.771279 0.023536 0.008864 0.015560
7 0.368107 0.294588 0.076651 0.085804
