6 0.502940 0.396780 0.023055 0.066185
6 0.402354 0.487712 0.031099 0.098505
4 0.564366 0.479013 0.020793 0.096696
4 0.538461 0.527804 0.026110 0.108678
4 0.638223 0.445198 0.019095 0.083217
4 0.570422 0.393452 0.017122 0.063486
4 0.483744 0.399347 0.016265 0.069461
4 0.188011 0.437369 0.025843 0.091075
4 0.507610 0.540457 0.027836 0.113791
4 0.608623 0.527468 0.023785 0.116744
4 0.596444 0.396668 0.016171 0.067620
2 0.658943 0.386633 0.051467 0.052468
5 0.424291 0.484677 0.007662 0.010152
4 0.645686 0.383319 0.021707 0.054013
5 0.101171 0.044725 0.011091 0.015098
7 0.658943 0.386633 0.051467 0.041974
