2 0.224824 0.333516 0.072799 0.103575
4 0.637122 0.546310 0.047269 0.179434
4 0.776986 0.480037 0.045924 0.147393
6 0.899612 0.558553 0.077369 0.221079
4 0.313571 0.458108 0.034311 0.145143
4 0.452489 0.318188 0.024499 0.102501
4 0.362391 0.391291 0.029908 0.130712
6 0.338474 0.307063 0.024446 0.109050
4 0.496988 0.309827 0.031943 0.107220
3 0.268058 0.320314 0.025458 0.113472
4 0.480595 0.396130 0.031725 0.131531
4 0.587436 0.326444 0.034003 0.100500
4 0.364364 0.315359 0.025110 0.090295
4 0.963606 0.384001 0.031665 0.130222
4 0.594913 0.304267 0.055257 0.095038
5 0.532319 0.370079 0.008923 0.013841
4 0.594875 0.290128 0.054678 0.068898
1 0.433285 0.378985 0.071852 0.103250