2 0.811371 0.373789 0.058568 0.071554
4 0.532559 0.444585 0.026431 0.085884
4 0.652679 0.355681 0.024985 0.090610
4 0.259953 0.415959 0.028467 0.085918
4 0.732569 0.383529 0.019524 0.082479
3 0.757039 0.362014 0.020641 0.071153
4 0.372304 0.562041 0.040370 0.098383
4 0.534149 0.341499 0.019127 0.059407
4 0.463082 0.377752 0.022941 0.052956
4 0.476220 0.347060 0.017761 0.044821
6 0.652205 0.303883 0.015790 0.056336
6 0.688163 0.335249 0.017263 0.065353
4 0.468318 0.361428 0.032509 0.075252
4 0.688278 0.335563 0.017259 0.065209
5 0.899726 0.558442 0.020156 0.019619
3 0.230808 0.105140 0.102424 0.190317