2 0.083510 0.377510 0.070421 0.103240
4 0.349089 0.462900 0.041649 0.102426
4 0.216719 0.413373 0.035754 0.097498
4 0.462598 0.341552 0.036413 0.078577
4 0.763238 0.370177 0.031816 0.086744
4 0.581822 0.368329 0.030213 0.085319
4 0.523280 0.331422 0.024174 0.072532
4 0.821150 0.489432 0.040675 0.105726
3 0.147914 0.375820 0.031575 0.085241
6 0.404720 0.340373 0.021121 0.095380
6 0.453967 0.828501 0.039069 0.218818
4 0.420277 0.366207 0.028874 0.083184
4 0.444865 0.322955 0.023287 0.062776
4 0.506571 0.464350 0.044789 0.103388
3 0.577818 0.937648 0.166370 0.124049
3 0.540097 0.923188 0.095619 0.146682
4 0.631686 0.942441 0.133475 0.111391