4 0.280466 0.532039 0.055158 0.190632
2 0.885591 0.329813 0.093430 0.123072
4 0.506302 0.412612 0.041486 0.154985
4 0.396727 0.286541 0.031625 0.101507
4 0.747661 0.356057 0.034146 0.115117
4 0.685543 0.338853 0.030286 0.114348
4 0.537961 0.281927 0.037391 0.088642
4 0.348131 0.331034 0.033102 0.116315
4 0.130441 0.362428 0.041136 0.125943
4 0.811355 0.322027 0.036370 0.118080
4 0.344400 0.292954 0.026378 0.100053
4 0.696336 0.266072 0.024270 0.092319
4 0.679454 0.274304 0.047231 0.067112
7 0.885591 0.329813 0.093430 0.098458
