2 0.101043 0.383362 0.069432 0.098346
4 0.432059 0.535555 0.051692 0.119677
4 0.739385 0.530083 0.046982 0.129054
4 0.395567 0.424903 0.047768 0.077602
4 0.262718 0.400519 0.033240 0.087685
4 0.361861 0.379672 0.025115 0.068221
4 0.827034 0.451039 0.036135 0.098532
4 0.450925 0.371816 0.028859 0.071152
4 0.312328 0.392984 0.029637 0.072744
3 0.161099 0.375571 0.030308 0.095292
4 0.508644 0.408494 0.031164 0.088235
4 0.587310 0.370725 0.045919 0.056536
6 0.145384 0.334274 0.020406 0.087264
5 0.491233 0.610620 0.011466 0.019366