4 0.505879 0.540869 0.038479 0.159787
4 0.654610 0.444212 0.038331 0.130205
4 0.433814 0.339744 0.024155 0.106781
4 0.863430 0.374316 0.029242 0.111963
4 0.474655 0.353098 0.030347 0.121863
4 0.629189 0.363152 0.031810 0.089552
4 0.629821 0.326781 0.032386 0.082543
2 0.400325 0.332280 0.091948 0.104423
6 0.377741 0.335715 0.037055 0.102309
4 0.079690 0.602058 0.159130 0.795884
4 0.463263 0.299844 0.017839 0.082694
4 0.632993 0.318997 0.029532 0.068920
1 0.598106 0.380661 0.094666 0.099600
7 0.400325 0.332280 0.091948 0.083538
