4 0.819019 0.571091 0.054413 0.159193
6 0.762513 0.320038 0.020592 0.089404
2 0.480244 0.373483 0.065929 0.078951
4 0.593133 0.418756 0.026965 0.106658
4 0.567072 0.462387 0.044861 0.112996
4 0.781397 0.465174 0.036295 0.111606
3 0.478096 0.381795 0.045061 0.071572
4 0.343469 0.386763 0.031539 0.085778
4 0.402218 0.397590 0.037470 0.088684
4 0.792665 0.359848 0.025920 0.085299
4 0.625814 0.448570 0.042152 0.107353
4 0.169709 0.543888 0.337773 0.888932
4 0.444610 0.353490 0.029973 0.074931
4 0.521250 0.391080 0.025666 0.096940
5 0.916291 0.736806 0.015639 0.015226
7 0.480244 0.373483 0.065929 0.063161
