6 0.604587 0.243003 0.015618 0.050543
6 0.786304 0.319096 0.021114 0.073939
4 0.661716 0.559100 0.040213 0.142059
2 0.410349 0.289950 0.046958 0.062230
4 0.520726 0.356077 0.023713 0.086698
4 0.480299 0.303813 0.026135 0.057552
4 0.648175 0.271165 0.026318 0.053669
4 0.589038 0.302983 0.018591 0.065852
4 0.522713 0.290733 0.020730 0.059957
5 0.688267 0.501148 0.011567 0.015095
4 0.449393 0.289963 0.021644 0.051662
4 0.476792 0.263839 0.017789 0.048698
4 0.179855 0.400713 0.355477 0.744709
4 0.256164 0.372830 0.022545 0.091430
4 0.479629 0.265645 0.022933 0.052985
7 0.410349 0.289950 0.046958 0.049784
