2 0.056423 0.275930 0.078353 0.115003
6 0.231824 0.785956 0.070579 0.180503
4 0.288718 0.413707 0.046669 0.118018
4 0.648238 0.513665 0.062182 0.195441
4 0.218300 0.295322 0.030727 0.104125
4 0.498303 0.232016 0.034920 0.071329
4 0.171586 0.269676 0.026762 0.103584
4 0.380751 0.262308 0.030127 0.108927
4 0.556501 0.316140 0.041217 0.100089
4 0.420990 0.235438 0.031743 0.087446
6 0.204283 0.214853 0.027113 0.100078
3 0.113052 0.278778 0.028959 0.088881
4 0.328185 0.312148 0.040456 0.115758
4 0.553488 0.249188 0.033225 0.080488
6 0.328360 0.311520 0.040292 0.118800
7 0.056423 0.275930 0.078353 0.092002
