2 0.186897 0.129125 0.087954 0.121881
4 0.073272 0.194915 0.052722 0.145326
4 0.170578 0.428080 0.064992 0.213144
4 0.324643 0.185507 0.031214 0.141338
4 0.338168 0.317595 0.044651 0.181919
4 0.455364 0.272779 0.048802 0.170080
4 0.633320 0.390727 0.040850 0.204788
6 0.051034 0.288038 0.040799 0.199710
4 0.429602 0.181981 0.039590 0.163270
4 0.356623 0.186574 0.032710 0.135022
3 0.197963 0.126850 0.042017 0.125152
4 0.811514 0.924160 0.088733 0.148053
1 0.413686 0.161076 0.060677 0.123148
5 0.003692 0.695915 0.007385 0.018739
4 0.934446 0.964262 0.110340 0.071476