4 0.774551 0.321852 0.048192 0.127142
2 0.908969 0.362417 0.131200 0.137111
4 0.556155 0.424830 0.056335 0.159673
4 0.632978 0.358521 0.048570 0.125153
4 0.308283 0.525620 0.061548 0.222084
6 0.424499 0.328130 0.039592 0.153681
6 0.647753 0.836248 0.074722 0.316903
4 0.491302 0.293898 0.036614 0.118848
4 0.824467 0.375985 0.035849 0.133163
4 0.650044 0.289064 0.037620 0.092194
4 0.594905 0.292971 0.034876 0.116551
3 0.857281 0.350063 0.031207 0.136336
4 0.008543 0.393831 0.017086 0.157144
4 0.826454 0.347354 0.033026 0.130801