6 0.940162 0.381953 0.052952 0.225717
4 0.837581 0.422622 0.086576 0.149948
4 0.901565 0.377501 0.049682 0.163276
3 0.774207 0.263613 0.060864 0.131349
4 0.084020 0.499084 0.059844 0.221830
4 0.647147 0.330289 0.055771 0.131301
4 0.817176 0.668650 0.071569 0.246909
4 0.610744 0.354825 0.056013 0.145755
4 0.640874 0.244718 0.039028 0.093037
2 0.737410 0.230708 0.071698 0.138288
5 0.681441 0.423889 0.009955 0.014088
4 0.932153 0.295594 0.047326 0.149161
2 0.736227 0.247524 0.062376 0.107912
7 0.737410 0.230708 0.071698 0.110630
