4 0.497204 0.474508 0.052906 0.101828
2 0.182481 0.393863 0.073326 0.101728
4 0.774595 0.522440 0.046074 0.128462
6 0.488598 0.336922 0.019691 0.092384
4 0.560176 0.342378 0.025015 0.071611
4 0.323481 0.455654 0.030449 0.099436
4 0.521617 0.372720 0.031467 0.082314
4 0.454684 0.361868 0.025870 0.074480
4 0.714807 0.440419 0.030424 0.089510
4 0.301078 0.436559 0.032157 0.097570
3 0.271717 0.394341 0.030115 0.098376
4 0.654895 0.432030 0.037993 0.077838
4 0.474120 0.396168 0.024130 0.076308
5 0.723219 0.505226 0.011091 0.016902
5 0.732623 0.627715 0.015747 0.012372