2 0.946084 0.327586 0.080982 0.112146
4 0.898818 0.649030 0.049352 0.221301
4 0.870035 0.356833 0.029166 0.107131
4 0.375698 0.352220 0.044041 0.102098
4 0.276693 0.345746 0.034263 0.087903
4 0.888842 0.332749 0.023509 0.104793
4 0.827960 0.335076 0.035281 0.087609
4 0.472118 0.382526 0.039046 0.122273
6 0.095142 0.353737 0.026881 0.109979
4 0.784492 0.322666 0.027432 0.088549
4 0.797219 0.352043 0.035883 0.104473
1 0.079446 0.729506 0.156794 0.320404
5 0.837078 0.585162 0.010003 0.015707
4 0.776572 0.267854 0.066680 0.040690
5 0.329368 0.394741 0.010874 0.015821
7 0.946084 0.327586 0.080982 0.089717
