4 0.274472 0.594546 0.048270 0.184775
2 0.704300 0.339044 0.075517 0.090546
4 0.584765 0.399808 0.029839 0.107941
4 0.801968 0.387931 0.030011 0.107644
4 0.642366 0.392888 0.037268 0.066904
4 0.451690 0.369219 0.023213 0.119425
6 0.752666 0.375024 0.026947 0.124245
4 0.548852 0.345865 0.021593 0.107917
4 0.594959 0.333795 0.026691 0.090524
4 0.522451 0.343147 0.028937 0.110463
4 0.660213 0.346853 0.023717 0.096114
4 0.898132 0.736111 0.203737 0.524118
3 0.668559 0.349520 0.058766 0.085051
7 0.704300 0.339044 0.075517 0.072437
