4 0.398595 0.427396 0.037380 0.105740
2 0.597536 0.240303 0.046341 0.058743
4 0.349156 0.455370 0.032828 0.115292
6 0.023126 0.317353 0.039371 0.108459
4 0.604634 0.295228 0.025368 0.070993
4 0.524764 0.275530 0.021899 0.064802
4 0.371559 0.317047 0.024566 0.079980
4 0.544031 0.315285 0.021900 0.076970
4 0.237882 0.346316 0.031685 0.087420
4 0.578557 0.259213 0.029671 0.065911
1 0.172172 0.917169 0.344343 0.165662
6 0.772067 0.330791 0.033178 0.095132
0 0.062789 0.780079 0.125457 0.433667
3 0.578738 0.258749 0.029255 0.064516
5 0.640734 0.452465 0.016619 0.014687
4 0.921108 0.212773 0.157271 0.421113
7 0.597536 0.240303 0.046341 0.046994
