4 0.572812 0.545642 0.050069 0.140342
2 0.173295 0.400090 0.080232 0.105517
6 0.539798 0.371824 0.026182 0.110855
4 0.349028 0.477085 0.040625 0.120947
3 0.244703 0.400136 0.040386 0.093719
4 0.308123 0.452380 0.033475 0.122738
4 0.569504 0.398550 0.041370 0.090986
4 0.623828 0.380599 0.036730 0.088417
4 0.501300 0.411128 0.034078 0.099127
4 0.503333 0.346496 0.026431 0.087661
5 0.646147 0.715419 0.014153 0.014458
5 0.704678 0.440101 0.009225 0.013818
4 0.727775 0.397161 0.027901 0.081597
4 0.450330 0.434790 0.031926 0.120322