6 0.767412 0.590306 0.042110 0.116823
4 0.417162 0.538434 0.032308 0.103652
4 0.608009 0.422509 0.019662 0.075038
4 0.329778 0.436983 0.022747 0.067709
4 0.581234 0.424203 0.020801 0.061391
2 0.235925 0.428434 0.054170 0.069710
4 0.522533 0.392188 0.015263 0.064471
4 0.504688 0.394005 0.016592 0.067188
4 0.492869 0.423582 0.027303 0.052031
4 0.125840 0.789331 0.251284 0.414955
4 0.291552 0.429185 0.025744 0.063621
5 0.538033 0.612498 0.011517 0.013975
4 0.088268 0.789461 0.175924 0.421020
6 0.505040 0.394424 0.017232 0.068769
7 0.235925 0.428434 0.054170 0.055768
