4 0.268915 0.453290 0.036712 0.123348
2 0.311991 0.333242 0.069822 0.097917
4 0.905016 0.377834 0.047210 0.103353
4 0.401494 0.328170 0.031728 0.084326
4 0.529714 0.618106 0.050226 0.167898
4 0.202010 0.530265 0.043918 0.116846
4 0.450560 0.285435 0.021808 0.082870
3 0.312282 0.330538 0.032100 0.103754
4 0.168385 0.380436 0.035289 0.116425
4 0.526986 0.306953 0.030768 0.075668
4 0.989667 0.423892 0.020667 0.106288
6 0.572996 0.299689 0.022565 0.107698
4 0.564249 0.286182 0.037116 0.082565
4 0.569960 0.297784 0.027850 0.106681
4 0.558013 0.285569 0.025455 0.080018