2 0.071298 0.411314 0.081987 0.111532
4 0.757955 0.569987 0.045995 0.137194
4 0.347242 0.426676 0.049824 0.092737
4 0.519105 0.381310 0.035113 0.087628
4 0.484619 0.359617 0.028730 0.084219
4 0.733600 0.389603 0.030856 0.087418
4 0.638672 0.367392 0.027488 0.090589
4 0.604249 0.377687 0.031640 0.091594
4 0.468937 0.482093 0.034693 0.121354
4 0.386865 0.446657 0.037479 0.104894
3 0.156153 0.410484 0.045277 0.104559
4 0.381460 0.366627 0.028673 0.077591
5 0.451008 0.449838 0.009060 0.014041
1 0.407032 0.428800 0.311800 0.105044