2 0.171047 0.422729 0.092241 0.125311
6 0.433561 0.867670 0.067872 0.260862
4 0.748831 0.526497 0.051680 0.141088
4 0.313940 0.472269 0.041168 0.140463
4 0.556714 0.411768 0.045748 0.104846
4 0.357358 0.429745 0.038106 0.118302
4 0.487598 0.458323 0.041463 0.137997
4 0.429370 0.447734 0.043684 0.119192
3 0.262302 0.421775 0.044063 0.112915
4 0.599198 0.389727 0.039476 0.121107
4 0.593090 0.423644 0.042636 0.106663
4 0.875286 0.428400 0.032446 0.123123
4 0.678549 0.385309 0.035694 0.087527
4 0.644623 0.372265 0.031169 0.099540