2 0.934837 0.326654 0.129337 0.159983
4 0.698192 0.360686 0.049912 0.177914
6 0.729450 0.775899 0.078985 0.356400
4 0.425685 0.311994 0.057995 0.150009
4 0.306893 0.453607 0.057630 0.230608
4 0.069115 0.328359 0.043441 0.184317
4 0.620226 0.374729 0.062196 0.163977
4 0.646395 0.407606 0.048807 0.193109
4 0.123948 0.431913 0.064876 0.217184
4 0.336104 0.328838 0.042922 0.153824
4 0.322733 0.268120 0.043846 0.123207
3 0.779729 0.311428 0.051434 0.175626
6 0.357548 0.301137 0.041874 0.173322
4 0.779550 0.311949 0.051203 0.177304
4 0.357599 0.300192 0.042068 0.177773