2 0.789969 0.356168 0.082836 0.116077
4 0.621496 0.470805 0.060027 0.113248
6 0.929171 0.441462 0.036632 0.156442
4 0.335885 0.517711 0.047996 0.141051
3 0.720836 0.369957 0.046440 0.098064
4 0.628303 0.344645 0.028767 0.113126
4 0.678992 0.370100 0.034094 0.122204
4 0.531808 0.388023 0.046962 0.107706
4 0.463052 0.456636 0.062210 0.097749
4 0.596583 0.371877 0.030740 0.106659
4 0.494703 0.398896 0.038438 0.096752
4 0.472961 0.366983 0.039666 0.093101
4 0.434550 0.415258 0.042005 0.106852
5 0.088763 0.598306 0.017376 0.014252
5 0.086281 0.598523 0.013274 0.015160