2 0.172280 0.338865 0.070293 0.090519
4 0.462068 0.429861 0.061357 0.109618
6 0.509875 0.360956 0.024909 0.103608
4 0.754006 0.441421 0.035978 0.117566
6 0.363033 0.420304 0.039812 0.079854
4 0.681370 0.331170 0.023263 0.097490
4 0.561393 0.363385 0.024218 0.112574
4 0.749105 0.354308 0.022602 0.091498
4 0.400682 0.430316 0.038744 0.111060
4 0.416618 0.454206 0.040310 0.110700
3 0.181788 0.328786 0.024359 0.093316
4 0.623391 0.551221 0.036390 0.161055
5 0.563554 0.580228 0.014679 0.017100
4 0.070535 0.831179 0.140611 0.337643
6 0.749063 0.355067 0.022965 0.092335
6 0.991023 0.402237 0.017955 0.128282
4 0.863911 0.361612 0.041802 0.165856
5 0.562594 0.580203 0.015505 0.021684