2 0.128844 0.420989 0.094814 0.129900
4 0.449978 0.540124 0.067891 0.144613
6 0.474184 0.879929 0.075258 0.239499
4 0.903588 0.534781 0.050361 0.177426
4 0.652697 0.460443 0.048775 0.118002
4 0.233941 0.432964 0.040121 0.131411
4 0.830856 0.425932 0.037192 0.117662
4 0.549447 0.436280 0.040671 0.110638
4 0.508207 0.378171 0.044385 0.098759
3 0.197524 0.412977 0.032943 0.122491
4 0.466428 0.354145 0.035056 0.084608
4 0.431987 0.430450 0.043226 0.107567
6 0.571805 0.385790 0.022323 0.129502
1 0.167141 0.676016 0.332806 0.268257
5 0.816721 0.610449 0.011005 0.013405