2 0.323549 0.292479 0.060639 0.082137
4 0.741550 0.370372 0.046319 0.100710
4 0.640307 0.294979 0.036874 0.081311
4 0.677453 0.672715 0.050442 0.200488
4 0.498834 0.399180 0.045198 0.100574
4 0.375554 0.538234 0.071732 0.203058
4 0.413038 0.420061 0.042159 0.092750
4 0.384239 0.335896 0.034591 0.087530
4 0.925626 0.423675 0.038918 0.102191
3 0.330986 0.296545 0.030943 0.087310
4 0.239356 0.419294 0.032413 0.111210
5 0.180408 0.679720 0.028900 0.020048
6 0.088809 0.344950 0.026809 0.112389
5 0.177880 0.672329 0.024592 0.027183
5 0.142762 0.651840 0.015847 0.022831
4 0.681586 0.868134 0.086460 0.249224
5 0.781902 0.413576 0.007786 0.011895