4 0.341991 0.589103 0.090723 0.204139
2 0.441689 0.235152 0.099567 0.127731
4 0.646611 0.349294 0.059694 0.152413
4 0.535636 0.279336 0.042772 0.149731
4 0.164408 0.494840 0.054247 0.229354
4 0.234548 0.446589 0.058181 0.191227
4 0.342387 0.386782 0.065482 0.142100
6 0.283756 0.367761 0.043892 0.207191
4 0.708927 0.356741 0.048520 0.181860
3 0.451254 0.247697 0.048540 0.139274
4 0.883990 0.522961 0.061304 0.221014
4 0.396363 0.431281 0.081780 0.141536
2 0.497956 0.183595 0.045977 0.090536
5 0.320551 0.526372 0.013854 0.021816