2 0.126410 0.413393 0.097988 0.135890
4 0.613799 0.428114 0.040320 0.155610
4 0.304524 0.410405 0.037572 0.145267
4 0.673796 0.418005 0.034811 0.149132
4 0.492500 0.460290 0.041551 0.147663
4 0.702770 0.497388 0.048924 0.172678
4 0.332515 0.456117 0.036682 0.124898
3 0.218886 0.407577 0.033668 0.129435
6 0.589652 0.377600 0.027108 0.133489
4 0.945447 0.430617 0.032778 0.135028
4 0.516979 0.380028 0.032852 0.141214
5 0.438930 0.520427 0.014691 0.012956
5 0.303869 0.576297 0.015965 0.016294
1 0.462457 0.461668 0.232927 0.136361