2 0.037788 0.382511 0.074180 0.116432
4 0.624188 0.586851 0.054240 0.184414
6 0.486007 0.865010 0.051896 0.265681
4 0.586380 0.446929 0.034311 0.121079
4 0.173268 0.387342 0.025006 0.095673
4 0.709829 0.357524 0.025849 0.096067
4 0.731708 0.387428 0.030882 0.093265
4 0.691530 0.398942 0.030153 0.080664
4 0.379066 0.319929 0.034209 0.066316
3 0.099107 0.377767 0.028788 0.104434
4 0.500307 0.347717 0.035241 0.056144
1 0.941010 0.771100 0.116795 0.370256
4 0.510066 0.347718 0.017349 0.054582
4 0.494697 0.341092 0.025299 0.068640
4 0.256901 0.342182 0.032812 0.130700
1 0.251188 0.416743 0.084071 0.098210
4 0.512279 0.347695 0.056619 0.055115
4 0.257158 0.364035 0.033499 0.089348