2 0.043960 0.429325 0.079918 0.115537
6 0.411347 0.379996 0.026011 0.099630
4 0.436234 0.405366 0.027051 0.102414
4 0.173301 0.458172 0.031100 0.126070
4 0.528592 0.458401 0.032170 0.126663
4 0.219739 0.409057 0.033268 0.129526
4 0.654165 0.413521 0.030317 0.097954
4 0.243623 0.440560 0.029309 0.110018
4 0.308018 0.404413 0.029195 0.091307
4 0.294035 0.452738 0.032669 0.121054
3 0.125000 0.417413 0.028792 0.107688
4 0.250684 0.387862 0.022325 0.077255
1 0.958781 0.791356 0.082029 0.283773
5 0.337232 0.445444 0.009427 0.015556
0 0.958487 0.790841 0.083026 0.280014
4 0.248956 0.409841 0.024469 0.124066