2 0.799808 0.410943 0.076027 0.097292
4 0.292703 0.514920 0.034099 0.112660
4 0.581521 0.453591 0.030213 0.101235
4 0.528492 0.459468 0.032110 0.108658
4 0.606961 0.442686 0.030462 0.088766
4 0.643467 0.395856 0.028252 0.079244
4 0.468089 0.424178 0.028796 0.081717
4 0.703962 0.442629 0.031077 0.079353
6 0.459629 0.399490 0.027060 0.106173
4 0.340078 0.395194 0.022477 0.095814
4 0.508504 0.407206 0.029075 0.067257
4 0.030706 0.416019 0.059949 0.071188
4 0.717517 0.408207 0.025029 0.089970
1 0.856014 0.645747 0.286816 0.272922
1 0.604934 0.470027 0.076794 0.123934
2 0.744762 0.408364 0.066584 0.092026