2 0.182815 0.389307 0.069572 0.101881
4 0.367129 0.401070 0.030371 0.105678
4 0.706721 0.479417 0.032081 0.105972
4 0.489075 0.371006 0.032625 0.088436
6 0.546010 0.756402 0.046159 0.218888
4 0.298024 0.472050 0.032801 0.105396
4 0.403865 0.416894 0.032773 0.100663
4 0.750314 0.383557 0.027907 0.081146
4 0.619966 0.366783 0.026534 0.075386
4 0.455936 0.365980 0.030876 0.090191
4 0.276296 0.391078 0.023564 0.089112
1 0.375060 0.417524 0.082761 0.093262
4 0.491126 0.330827 0.021632 0.072253
4 0.255244 0.380473 0.022335 0.094744
3 0.255280 0.381000 0.022330 0.093946
4 0.616913 0.945230 0.115679 0.106718