2 0.187521 0.415339 0.066657 0.094544
4 0.368853 0.451312 0.027462 0.087967
4 0.685798 0.489084 0.030442 0.095408
4 0.706212 0.407316 0.025402 0.080755
4 0.444178 0.396904 0.028683 0.069527
4 0.599111 0.377784 0.020660 0.069045
4 0.301786 0.427690 0.023965 0.087431
4 0.278401 0.406284 0.026763 0.074229
6 0.514926 0.844774 0.049985 0.233139
4 0.284090 0.457531 0.024931 0.094541
4 0.353858 0.389356 0.023028 0.080002
4 0.387167 0.368217 0.023385 0.061097
4 0.474233 0.396087 0.033276 0.082533
3 0.648981 0.946904 0.190446 0.105338
5 0.995882 0.876873 0.008235 0.015656