6 0.299879 0.908485 0.087794 0.181035
2 0.108365 0.385810 0.089101 0.117898
4 0.503718 0.489565 0.049806 0.163678
4 0.597878 0.379283 0.039898 0.113099
4 0.817725 0.588951 0.049652 0.192679
6 0.529288 0.350412 0.027313 0.120297
4 0.223874 0.398241 0.035692 0.122780
3 0.182621 0.376301 0.029558 0.115253
4 0.486106 0.369350 0.036027 0.094737
4 0.240796 0.419920 0.038527 0.133657
4 0.433845 0.332147 0.040030 0.100844
4 0.455423 0.349279 0.027115 0.097370
1 0.493520 0.427255 0.372646 0.113810
4 0.886437 0.375761 0.022266 0.108634