2 0.791866 0.295071 0.069788 0.082776
6 0.083435 0.411046 0.049622 0.153288
6 0.947286 0.429104 0.038759 0.149294
4 0.688401 0.594007 0.044578 0.192979
4 0.620996 0.389009 0.029762 0.126061
3 0.784910 0.288720 0.026443 0.087476
4 0.454412 0.388606 0.037009 0.110655
4 0.300202 0.324176 0.023180 0.101652
4 0.519088 0.333544 0.029912 0.109000
4 0.170210 0.374711 0.032430 0.110823
4 0.356026 0.352684 0.038205 0.108912
4 0.281975 0.302615 0.022593 0.095624
6 0.971942 0.546284 0.036439 0.162784
0 0.065784 0.823586 0.131426 0.345693
4 0.160731 0.316848 0.025439 0.082500