2 0.215541 0.133851 0.065958 0.096665
6 0.091226 0.260152 0.037436 0.150336
6 0.892492 0.152030 0.029855 0.108312
4 0.393896 0.148307 0.028950 0.106492
3 0.221117 0.134915 0.033979 0.096411
4 0.292901 0.313578 0.031193 0.160344
4 0.240916 0.234093 0.032634 0.153168
4 0.300315 0.168630 0.028356 0.121855
4 0.021755 0.192738 0.031261 0.119164
4 0.512844 0.210059 0.035274 0.130014
4 0.272860 0.182533 0.027805 0.125706
4 0.548939 0.497742 0.055039 0.185794
4 0.492274 0.578345 0.055790 0.190837
5 0.484693 0.283423 0.010693 0.017120
5 0.744611 0.363697 0.017582 0.012778
5 0.357447 0.185315 0.007952 0.009513
4 0.257148 0.192598 0.021752 0.110705
5 0.484445 0.283515 0.012901 0.021668
5 0.099824 0.583240 0.015795 0.018673