2 0.446123 0.340816 0.076640 0.097799
4 0.455085 0.658327 0.069159 0.150210
3 0.498753 0.342985 0.033376 0.109000
4 0.690559 0.440035 0.042668 0.100730
4 0.325254 0.405801 0.042088 0.114477
4 0.542189 0.406741 0.030018 0.109544
4 0.947799 0.462505 0.046598 0.102087
4 0.641462 0.373078 0.033510 0.117931
4 0.606144 0.360227 0.061439 0.091707
5 0.920706 0.724339 0.015283 0.015616
4 0.152393 0.572223 0.304786 0.850851
5 0.721279 0.509095 0.012667 0.021487
5 0.920831 0.724233 0.017058 0.020918
5 0.619551 0.412177 0.007821 0.012447
4 0.605817 0.377905 0.059676 0.102933