2 0.194754 0.394187 0.070726 0.099139
4 0.739578 0.475841 0.036247 0.109593
4 0.707395 0.388494 0.028306 0.079042
4 0.362106 0.357786 0.024667 0.063165
4 0.593529 0.354896 0.024337 0.070190
3 0.264919 0.392139 0.031678 0.087445
6 0.504095 0.361670 0.023414 0.094529
4 0.311918 0.444112 0.035907 0.094996
4 0.408113 0.432417 0.027762 0.093930
4 0.473530 0.380253 0.029616 0.068639
4 0.334560 0.417792 0.037361 0.088565
4 0.398741 0.415235 0.041845 0.076920
4 0.497956 0.387863 0.034940 0.059037
5 0.551919 0.413544 0.012434 0.012026
6 0.702380 0.960786 0.080264 0.076539