4 0.551327 0.451907 0.069232 0.119520
4 0.704814 0.496200 0.046069 0.151540
4 0.841215 0.285981 0.027980 0.083362
6 0.218193 0.240283 0.024045 0.082616
4 0.812664 0.314523 0.034083 0.095839
3 0.963291 0.228006 0.026168 0.075595
4 0.618307 0.460931 0.039034 0.143364
4 0.149306 0.379929 0.033886 0.110237
4 0.437290 0.365589 0.032004 0.086383
2 0.977344 0.229542 0.044854 0.075465
5 0.733952 0.981288 0.025148 0.027135
5 0.442445 0.280002 0.019151 0.013026
1 0.852537 0.238066 0.046825 0.056391
5 0.404031 0.830419 0.016391 0.015850
7 0.977344 0.229542 0.044854 0.060372
