2 0.912133 0.394930 0.097346 0.118857
6 0.415586 0.782978 0.075884 0.287727
4 0.452274 0.448365 0.049678 0.137956
4 0.612690 0.423539 0.039654 0.145023
4 0.734404 0.420042 0.038725 0.142768
4 0.564915 0.376873 0.026128 0.115963
4 0.279954 0.379735 0.031277 0.112461
6 0.502541 0.362371 0.025210 0.118815
4 0.784193 0.407386 0.026656 0.128840
3 0.815902 0.379613 0.028286 0.122711
4 0.690043 0.410911 0.031147 0.133614
4 0.487351 0.334483 0.024017 0.091950
4 0.244322 0.394011 0.037454 0.122665
4 0.447715 0.372548 0.036578 0.086070