6 0.043959 0.406495 0.023862 0.077691
2 0.684177 0.370363 0.050909 0.069510
4 0.173300 0.476071 0.030134 0.093156
4 0.783609 0.473980 0.055388 0.079850
4 0.555064 0.474225 0.026859 0.107647
3 0.677535 0.373425 0.027582 0.070814
4 0.611602 0.545067 0.030768 0.118796
4 0.392360 0.404256 0.021832 0.081676
4 0.632670 0.529443 0.046051 0.109360
4 0.604696 0.390300 0.023690 0.081978
4 0.370025 0.466420 0.025514 0.097114
6 0.898419 0.409525 0.026854 0.096958
4 0.353690 0.874985 0.052208 0.187082
4 0.556299 0.653928 0.071612 0.166878
5 0.862628 0.672387 0.015682 0.018567