2 0.206458 0.397159 0.097553 0.128021
4 0.889494 0.430159 0.043179 0.167156
4 0.506339 0.381801 0.036676 0.145128
6 0.650663 0.942677 0.076332 0.114460
4 0.417187 0.366473 0.041572 0.149750
4 0.311787 0.397366 0.038091 0.129057
4 0.631463 0.385548 0.030498 0.150103
4 0.337792 0.361808 0.034195 0.133527
4 0.379511 0.399297 0.040953 0.125958
4 0.438990 0.391377 0.037199 0.149457
4 0.198077 0.454120 0.034104 0.144431
6 0.599769 0.363709 0.033887 0.130898
3 0.285011 0.411515 0.038299 0.088697
5 0.077184 0.623462 0.013810 0.014578