4 0.723527 0.534283 0.056334 0.142694
4 0.381768 0.383296 0.032677 0.107523
4 0.595832 0.375047 0.029041 0.096691
4 0.700090 0.315593 0.023682 0.078016
6 0.553755 0.259153 0.016885 0.070006
4 0.708853 0.390302 0.038949 0.104221
4 0.664363 0.345114 0.026013 0.089027
4 0.625482 0.311695 0.021230 0.068793
2 0.750808 0.312918 0.065283 0.072531
6 0.676536 0.680544 0.046504 0.163335
4 0.262183 0.411134 0.028059 0.113978
4 0.635096 0.443364 0.046648 0.079564
4 0.480711 0.281456 0.019546 0.056719
3 0.738279 0.318409 0.040974 0.064456
1 0.061362 0.665812 0.122689 0.279561
4 0.484229 0.280296 0.027203 0.058002
7 0.750808 0.312918 0.065283 0.058025
