4 0.131681 0.497977 0.059039 0.119030
6 0.710177 0.313072 0.028088 0.083377
4 0.277153 0.562230 0.041846 0.128348
4 0.390560 0.353405 0.042887 0.075093
4 0.825980 0.412582 0.041670 0.083293
2 0.925554 0.352638 0.066033 0.093782
4 0.764528 0.508778 0.042801 0.124486
3 0.869857 0.353001 0.027650 0.079316
4 0.588376 0.379750 0.026355 0.093126
4 0.329912 0.340738 0.023133 0.080531
4 0.688846 0.368692 0.029095 0.074521
4 0.473750 0.434381 0.037455 0.105490
4 0.590437 0.654009 0.051965 0.130148
5 0.080251 0.470590 0.014049 0.016623
4 0.147557 0.901693 0.102665 0.190330