2 0.177858 0.381061 0.068271 0.096254
6 0.720492 0.814118 0.048692 0.220288
4 0.274674 0.383718 0.033810 0.083119
4 0.607988 0.372181 0.039697 0.073854
4 0.493443 0.522459 0.034994 0.150317
6 0.324416 0.319031 0.017477 0.086227
3 0.245461 0.374317 0.031901 0.083920
4 0.567430 0.348684 0.021304 0.060940
4 0.533552 0.338548 0.025182 0.058927
4 0.807334 0.379104 0.029076 0.092836
4 0.394217 0.454899 0.033890 0.114796
4 0.417322 0.329787 0.043284 0.033163
1 0.464716 0.403375 0.273696 0.090592
4 0.411609 0.328264 0.054930 0.039563