4 0.604708 0.376478 0.022464 0.061285
4 0.076659 0.410881 0.026220 0.089594
4 0.259448 0.371971 0.019945 0.061185
4 0.221348 0.496960 0.033560 0.106800
4 0.566134 0.406608 0.022313 0.073575
4 0.195298 0.362221 0.015767 0.063740
3 0.813402 0.312282 0.018275 0.054700
4 0.765752 0.431696 0.028610 0.091948
4 0.556084 0.350413 0.019374 0.057854
4 0.643523 0.302845 0.017008 0.045340
5 0.640268 0.902946 0.019100 0.022729
2 0.825775 0.314999 0.042985 0.054198
5 0.403846 0.371396 0.016997 0.015201
6 0.204781 0.331615 0.018176 0.053117
7 0.825775 0.314999 0.042985 0.043358
