4 0.515221 0.557718 0.053370 0.185621
2 0.181447 0.296561 0.071944 0.098281
4 0.523368 0.316524 0.036853 0.098600
4 0.390797 0.277781 0.025711 0.075764
4 0.338962 0.293368 0.023669 0.087691
6 0.328260 0.224270 0.020829 0.087764
4 0.480580 0.245876 0.020291 0.074079
6 0.648924 0.737492 0.052775 0.231040
4 0.326456 0.397625 0.029459 0.128171
3 0.249279 0.294000 0.037557 0.097446
4 0.677108 0.321214 0.032770 0.091912
4 0.304825 0.302033 0.026976 0.094815
4 0.318241 0.292879 0.019661 0.085317
5 0.694401 0.379042 0.011158 0.017190