2 0.171438 0.421418 0.092026 0.125876
4 0.311832 0.477705 0.043094 0.134047
6 0.442055 0.856672 0.067775 0.280134
4 0.759028 0.532805 0.053713 0.140576
4 0.444957 0.446930 0.057910 0.121393
4 0.490201 0.455010 0.041400 0.136883
3 0.262483 0.421993 0.044692 0.112971
4 0.356256 0.428712 0.038303 0.116520
4 0.673594 0.383607 0.038067 0.084401
4 0.589974 0.420800 0.052153 0.097856
4 0.642712 0.373907 0.029995 0.092776
4 0.848808 0.425408 0.038654 0.121587
4 0.558640 0.417150 0.038769 0.096097
4 0.598482 0.391804 0.038939 0.119874