2 0.095252 0.386987 0.116714 0.156526
4 0.661792 0.458416 0.054390 0.191107
4 0.720712 0.532849 0.059625 0.218643
4 0.227149 0.367687 0.043606 0.172601
4 0.961083 0.408508 0.058557 0.185502
4 0.488908 0.328746 0.039951 0.171366
3 0.163460 0.366269 0.039380 0.174511
4 0.445036 0.351063 0.047596 0.176823
4 0.258652 0.413392 0.043458 0.167814
4 0.853558 0.375711 0.059359 0.195450
4 0.257325 0.311091 0.029711 0.115969
1 0.178981 0.716042 0.357961 0.344879
5 0.756574 0.336273 0.012940 0.015765
5 0.397424 0.499111 0.014630 0.013908
1 0.432473 0.448367 0.129958 0.171695