4 0.378598 0.301199 0.023491 0.055398
2 0.227176 0.270384 0.044651 0.061052
4 0.412470 0.257831 0.017806 0.048381
4 0.314004 0.401980 0.024621 0.096460
6 0.552269 0.246796 0.013041 0.058309
4 0.474518 0.263186 0.015081 0.046943
4 0.502960 0.272132 0.015042 0.061584
4 0.289991 0.277477 0.019633 0.048461
4 0.272245 0.283378 0.026848 0.076937
4 0.338348 0.242868 0.016976 0.041270
5 0.480813 0.408120 0.009071 0.013269
5 0.655818 0.359015 0.018213 0.017279
4 0.073197 0.693062 0.146209 0.613875
4 0.277618 0.277076 0.042024 0.062749
4 0.770610 0.607388 0.043864 0.120884
7 0.227176 0.270384 0.044651 0.048842
