4 0.563242 0.565338 0.040948 0.159077
4 0.927569 0.535923 0.045025 0.135416
2 0.258353 0.362760 0.060886 0.078695
3 0.299912 0.366373 0.039982 0.065965
4 0.505613 0.368178 0.024492 0.086206
6 0.602414 0.321627 0.020292 0.071653
4 0.582987 0.361213 0.022457 0.073518
4 0.884429 0.374158 0.052224 0.101139
4 0.804988 0.455738 0.026019 0.107401
4 0.406018 0.333267 0.022010 0.085351
4 0.366735 0.359701 0.022326 0.089947
6 0.046741 0.436688 0.037258 0.108868
4 0.347022 0.367164 0.019776 0.087436
4 0.217005 0.371441 0.020809 0.084387
5 0.624216 0.609780 0.011324 0.013515
4 0.115508 0.792251 0.230566 0.412054
7 0.258353 0.362760 0.060886 0.062956
