2 0.064686 0.419490 0.070592 0.103283
4 0.216140 0.440383 0.031108 0.096550
4 0.744356 0.482434 0.034108 0.089646
4 0.637420 0.410813 0.031024 0.080737
4 0.356934 0.406464 0.030622 0.078801
4 0.507329 0.387757 0.023869 0.083054
4 0.463009 0.456105 0.026063 0.084779
4 0.558579 0.943024 0.118826 0.111323
4 0.587689 0.435861 0.032798 0.086105
4 0.430739 0.394814 0.022125 0.074493
3 0.140466 0.416105 0.028702 0.087860
4 0.593396 0.389980 0.046983 0.075687
4 0.604512 0.387020 0.025209 0.068783
4 0.593380 0.406951 0.046742 0.110742
4 0.417743 0.382309 0.025541 0.071878
3 0.558385 0.936102 0.120354 0.122563