2 0.295699 0.159672 0.065618 0.081761
4 0.735813 0.188425 0.033344 0.083527
4 0.270239 0.223008 0.029363 0.107219
4 0.361343 0.163404 0.028573 0.077017
4 0.782992 0.842955 0.072360 0.286165
4 0.299920 0.301469 0.032604 0.119400
4 0.557447 0.187831 0.026244 0.085572
4 0.601021 0.171243 0.034067 0.079958
4 0.869202 0.169348 0.025423 0.082338
3 0.309156 0.159465 0.030106 0.082322
4 0.263646 0.371787 0.045152 0.132867
4 0.156052 0.177961 0.026884 0.070713
4 0.280234 0.370657 0.078529 0.133179
6 0.848410 0.867510 0.065159 0.254785