2 0.202109 0.353555 0.069896 0.099744
4 0.346242 0.574001 0.047218 0.158104
4 0.284535 0.539520 0.036802 0.147159
4 0.386532 0.346685 0.023671 0.082968
4 0.289613 0.347747 0.026293 0.088368
6 0.503692 0.307182 0.019409 0.094191
4 0.415556 0.409251 0.029525 0.113805
4 0.737570 0.419251 0.031873 0.102921
4 0.610952 0.303401 0.020856 0.087674
4 0.362522 0.429760 0.030538 0.125564
4 0.742707 0.332335 0.022915 0.091655
4 0.536449 0.355679 0.038054 0.094556
6 0.560188 0.791552 0.053876 0.223636
4 0.398904 0.331205 0.021798 0.082188
4 0.730548 0.940311 0.077595 0.117711
3 0.640726 0.919955 0.070087 0.147154
5 0.004395 0.774251 0.008790 0.017619