2 0.216002 0.392896 0.097365 0.134464
4 0.778459 0.511884 0.055845 0.162378
4 0.466934 0.498363 0.045676 0.148802
4 0.547129 0.425209 0.036079 0.151856
4 0.519796 0.421134 0.036375 0.138682
3 0.293997 0.394112 0.037769 0.121525
4 0.603855 0.377334 0.029901 0.124070
4 0.770445 0.354515 0.045644 0.092856
4 0.628376 0.372837 0.029844 0.109326
6 0.669702 0.358595 0.030535 0.134889
6 0.468151 0.960300 0.059271 0.078236
4 0.674250 0.347746 0.046035 0.118136
5 0.391526 0.558053 0.014206 0.013343
4 0.683451 0.350670 0.030934 0.127717
5 0.534130 0.533296 0.009734 0.015781