4 0.571084 0.389560 0.054840 0.102965
2 0.553273 0.265227 0.067340 0.085098
4 0.482162 0.485444 0.055050 0.137003
6 0.698008 0.241372 0.025735 0.096179
4 0.393684 0.646011 0.064902 0.215987
4 0.350008 0.389647 0.037879 0.125490
4 0.333328 0.208917 0.027158 0.083717
4 0.538113 0.360708 0.044826 0.075246
4 0.475015 0.288358 0.035550 0.085922
3 0.541895 0.276330 0.039493 0.074781
4 0.793099 0.526394 0.410332 0.916836
5 0.630593 0.444277 0.011985 0.022130
4 0.497295 0.264680 0.029847 0.111235
4 0.494956 0.278929 0.025523 0.084983