2 0.522955 0.363726 0.056294 0.069274
6 0.267342 0.325870 0.022901 0.072397
4 0.297629 0.568101 0.044597 0.128456
4 0.406109 0.540178 0.034658 0.123322
4 0.466152 0.324386 0.026463 0.070948
4 0.284556 0.367741 0.025288 0.080848
4 0.205031 0.478866 0.037552 0.101209
4 0.477859 0.368706 0.022227 0.073012
4 0.414992 0.370419 0.023294 0.081425
6 0.640755 0.358889 0.024342 0.061400
4 0.774152 0.591798 0.427042 0.771515
5 0.611782 0.379741 0.009940 0.013829
3 0.517197 0.367030 0.033889 0.060236
4 0.964839 0.347294 0.070323 0.687662
7 0.522955 0.363726 0.056294 0.055419
