2 0.455945 0.304715 0.072840 0.099571
4 0.655022 0.471120 0.048680 0.162613
4 0.774761 0.628541 0.070881 0.201378
4 0.717332 0.272808 0.030229 0.075569
6 0.258863 0.320606 0.025613 0.129863
4 0.360916 0.337256 0.049746 0.093024
4 0.590066 0.296064 0.028003 0.106582
4 0.638725 0.338880 0.035932 0.109527
4 0.842508 0.287385 0.042504 0.072815
3 0.520058 0.306836 0.047730 0.077824
4 0.552573 0.301129 0.038705 0.106377
5 0.241786 0.982216 0.014728 0.022955
4 0.561538 0.303098 0.026549 0.104549
7 0.455945 0.304715 0.072840 0.079657
