2 0.113691 0.339578 0.086861 0.118996
6 0.420882 0.898199 0.078154 0.201295
4 0.694908 0.576738 0.071285 0.202703
4 0.214659 0.378474 0.049057 0.129493
6 0.459796 0.279446 0.023541 0.110819
4 0.549231 0.298492 0.026571 0.094202
4 0.473440 0.341932 0.033499 0.110254
3 0.195393 0.338167 0.031376 0.096047
4 0.675981 0.388593 0.044182 0.131366
4 0.833090 0.326659 0.028675 0.099403
4 0.742379 0.308077 0.041622 0.114740
4 0.245855 0.373086 0.038357 0.121899
4 0.775440 0.339283 0.036177 0.098455
1 0.427873 0.380173 0.239739 0.109870
1 0.479822 0.380615 0.346472 0.108425