2 0.841650 0.383760 0.093689 0.121288
4 0.374017 0.458351 0.037707 0.125853
6 0.620164 0.730562 0.056189 0.253263
4 0.220489 0.414156 0.035214 0.120134
4 0.285146 0.345279 0.027701 0.110691
4 0.665054 0.399353 0.033018 0.115816
4 0.589446 0.420326 0.036378 0.135019
4 0.635860 0.412549 0.037732 0.114447
4 0.382147 0.340629 0.028696 0.094522
4 0.474709 0.380171 0.034724 0.098836
4 0.439065 0.381295 0.036289 0.116084
3 0.717379 0.381503 0.040119 0.110287
4 0.448704 0.372919 0.021818 0.114015
1 0.324114 0.445591 0.107658 0.120325