4 0.812840 0.497642 0.071501 0.187095
4 0.618210 0.363623 0.065129 0.126704
2 0.199154 0.216160 0.073980 0.107920
4 0.392610 0.267944 0.038717 0.112135
4 0.692811 0.189262 0.036184 0.077489
4 0.744549 0.188890 0.030024 0.087872
4 0.463677 0.147260 0.029209 0.065188
4 0.497319 0.211357 0.030551 0.090410
4 0.235394 0.237213 0.031695 0.107271
3 0.262431 0.211968 0.032606 0.105275
4 0.544811 0.151509 0.027277 0.073174
4 0.484507 0.166763 0.025019 0.064020
1 0.387937 0.247149 0.044692 0.090199
5 0.022963 0.680955 0.021488 0.019024
4 0.694249 0.889563 0.127774 0.149449