2 0.142215 0.373449 0.083042 0.109089
6 0.426874 0.909135 0.071601 0.178579
4 0.280426 0.434050 0.046270 0.107630
4 0.729345 0.519475 0.050299 0.168899
4 0.339979 0.399135 0.036355 0.111032
4 0.383496 0.420659 0.038555 0.107924
4 0.377793 0.394147 0.037102 0.117356
4 0.483779 0.360483 0.038756 0.082974
4 0.525647 0.365898 0.036386 0.100414
4 0.569988 0.324244 0.031811 0.088186
4 0.800337 0.367277 0.030679 0.095939
4 0.635846 0.339622 0.032065 0.093085
3 0.246732 0.369721 0.038584 0.103807
4 0.525035 0.347860 0.033394 0.125107
1 0.164204 0.599083 0.324591 0.237206