2 0.924774 0.312982 0.133229 0.167227
4 0.600512 0.293615 0.059472 0.185784
4 0.649463 0.397841 0.052891 0.215306
4 0.531796 0.292135 0.049631 0.161076
4 0.402341 0.404250 0.061599 0.224766
6 0.499342 0.592794 0.066662 0.298013
6 0.444370 0.249940 0.038336 0.169431
4 0.291052 0.317014 0.040067 0.180740
4 0.106347 0.422361 0.054024 0.221309
4 0.033301 0.341463 0.050151 0.204454
3 0.805974 0.304224 0.043617 0.174894
4 0.690056 0.311935 0.060102 0.210961
4 0.667555 0.354434 0.041019 0.143592
4 0.678103 0.304759 0.044252 0.221272
4 0.697331 0.326912 0.046528 0.183054
4 0.657180 0.281156 0.084053 0.174814