2 0.945982 0.334045 0.108036 0.135610
4 0.647697 0.363887 0.045443 0.146165
4 0.204828 0.489157 0.052372 0.202393
4 0.578757 0.356895 0.037520 0.128751
4 0.440697 0.377625 0.042290 0.133725
4 0.720843 0.332432 0.037133 0.123879
4 0.065650 0.424088 0.039914 0.155059
4 0.858762 0.329915 0.031917 0.129033
6 0.674347 0.524815 0.052800 0.211263
4 0.828061 0.339328 0.032711 0.132523
4 0.853088 0.295511 0.036640 0.136062
4 0.733636 0.277092 0.027047 0.107917
3 0.908311 0.336921 0.037584 0.130239
5 0.121387 0.592418 0.012732 0.016641
7 0.945982 0.334045 0.108036 0.108488
