2 0.795989 0.348958 0.068525 0.098498
4 0.742952 0.508105 0.043832 0.136676
4 0.124095 0.389896 0.033602 0.078920
4 0.256155 0.534369 0.042570 0.162744
4 0.191865 0.357569 0.031756 0.091895
6 0.697926 0.301859 0.017800 0.088260
4 0.104129 0.365325 0.021204 0.093218
4 0.679120 0.391966 0.029368 0.091861
4 0.553038 0.334033 0.022355 0.090632
4 0.447378 0.499170 0.033884 0.129694
4 0.388498 0.337236 0.028478 0.072270
4 0.356255 0.382890 0.035211 0.095968
6 0.266413 0.852907 0.052525 0.270080
3 0.718160 0.342449 0.025279 0.091767
5 0.320645 0.355799 0.014370 0.018769