2 0.165084 0.427917 0.093309 0.123719
4 0.487783 0.458165 0.042437 0.148198
6 0.441214 0.881062 0.067346 0.234814
4 0.737764 0.524024 0.056366 0.141936
4 0.544825 0.414767 0.039296 0.100572
4 0.360423 0.437783 0.036306 0.117769
4 0.322341 0.471552 0.038829 0.139006
4 0.417606 0.450414 0.039250 0.119822
3 0.253158 0.428065 0.044926 0.109260
4 0.639374 0.371295 0.029240 0.097932
4 0.587657 0.426777 0.043462 0.106553
4 0.681308 0.384694 0.035463 0.091611
4 0.592958 0.387119 0.039017 0.128347
4 0.899344 0.433952 0.032022 0.127220