4 0.273881 0.557541 0.093974 0.239333
4 0.380005 0.323608 0.053178 0.182592
4 0.302039 0.327999 0.042488 0.193101
4 0.370990 0.593479 0.068050 0.195225
4 0.634908 0.446911 0.057332 0.217532
2 0.627260 0.272580 0.112780 0.150586
6 0.531919 0.317774 0.058162 0.143091
3 0.600964 0.251137 0.048019 0.184509
6 0.518707 0.509198 0.050992 0.285278
4 0.509591 0.587372 0.081355 0.234514
4 0.336545 0.303868 0.041137 0.209371
4 0.403226 0.549970 0.053837 0.211807
4 0.486058 0.581487 0.090566 0.227180
4 0.471962 0.576220 0.061029 0.216851
5 0.201892 0.267878 0.011279 0.018700