2 0.875661 0.330835 0.072389 0.101999
4 0.454386 0.341192 0.033068 0.099734
6 0.669123 0.265491 0.021820 0.087433
4 0.688349 0.373200 0.036187 0.104185
4 0.796040 0.396986 0.029550 0.113911
6 0.135009 0.817936 0.056463 0.250922
4 0.557257 0.305833 0.032945 0.072238
4 0.569800 0.479340 0.048549 0.104246
4 0.173794 0.370375 0.026957 0.118793
4 0.724117 0.372712 0.029002 0.082175
3 0.815498 0.328956 0.027599 0.083081
4 0.511442 0.365071 0.036247 0.109742
4 0.582244 0.432518 0.032919 0.118813
4 0.508012 0.291480 0.028942 0.081603
4 0.410183 0.932514 0.087151 0.132399
4 0.447800 0.926589 0.163798 0.144662