4 0.422843 0.796918 0.063773 0.225047
4 0.372016 0.526720 0.038797 0.150558
2 0.538233 0.269913 0.057745 0.073665
4 0.325023 0.277069 0.026509 0.069097
4 0.478476 0.376858 0.032223 0.095892
4 0.519763 0.305097 0.021280 0.077611
4 0.299869 0.313062 0.025211 0.089845
4 0.383203 0.285629 0.023290 0.085123
4 0.263918 0.291891 0.030564 0.089152
4 0.495219 0.340176 0.023968 0.097988
3 0.483246 0.272893 0.027083 0.068898
2 0.840618 0.406715 0.309221 0.797572
4 0.483503 0.273115 0.026241 0.069406
4 0.956499 0.214088 0.087002 0.423686
4 0.748502 0.579278 0.463592 0.769264
6 0.383640 0.285363 0.023805 0.085589
7 0.538233 0.269913 0.057745 0.058932
