2 0.294460 0.158373 0.079473 0.110886
4 0.394029 0.303152 0.046826 0.136527
4 0.560311 0.501627 0.065307 0.208010
4 0.440043 0.389208 0.043437 0.156521
4 0.327131 0.299149 0.034036 0.157454
6 0.159396 0.294631 0.036964 0.172442
4 0.924881 0.830884 0.101047 0.296936
4 0.829083 0.364101 0.042076 0.198752
4 0.367039 0.231723 0.032785 0.123535
4 0.463243 0.600300 0.087294 0.226075
4 0.308616 0.213204 0.039237 0.120998
3 0.300851 0.160693 0.040127 0.114462
4 0.508196 0.227445 0.033623 0.142802
4 0.825231 0.891167 0.223407 0.198673