4 0.023817 0.430295 0.046345 0.140634
2 0.653975 0.322171 0.068765 0.085858
6 0.452459 0.271686 0.021352 0.092801
4 0.217414 0.374664 0.033418 0.116929
4 0.529206 0.342770 0.036722 0.073568
3 0.648969 0.333849 0.047702 0.068268
4 0.582721 0.327283 0.028675 0.077777
4 0.804673 0.402244 0.033027 0.097641
4 0.566797 0.396506 0.030188 0.086083
4 0.804200 0.371171 0.032222 0.111114
5 0.626036 0.385481 0.009564 0.011991
4 0.589963 0.404519 0.029516 0.083374
4 0.204296 0.950253 0.078837 0.097783
4 0.580024 0.403569 0.054959 0.086341
4 0.220905 0.946889 0.114378 0.104706
4 0.249313 0.932811 0.064297 0.125834