2 0.086715 0.187740 0.079580 0.113844
4 0.268567 0.477848 0.051853 0.196275
4 0.211689 0.204184 0.040995 0.106398
4 0.671742 0.186553 0.028395 0.127588
4 0.373042 0.184178 0.030681 0.103382
4 0.241249 0.400563 0.068491 0.180898
3 0.132138 0.183677 0.031787 0.100285
4 0.259592 0.146414 0.028709 0.100291
4 0.781500 0.191602 0.047459 0.113231
4 0.273375 0.186417 0.027170 0.113566
4 0.313585 0.129775 0.030655 0.083756
4 0.293001 0.131114 0.027381 0.065127
6 0.781424 0.192484 0.048339 0.111424
5 0.649028 0.252674 0.007233 0.010004
5 0.345171 0.471599 0.010110 0.017304
5 0.709722 0.438642 0.017397 0.015466