2 0.489073 0.374220 0.072886 0.100481
4 0.405532 0.401184 0.037588 0.127501
4 0.765308 0.415798 0.038361 0.115576
4 0.593334 0.394396 0.030634 0.105289
4 0.619418 0.382736 0.042601 0.099512
6 0.679824 0.317684 0.024365 0.102081
4 0.631602 0.441141 0.040908 0.115702
4 0.673635 0.378815 0.038794 0.093598
4 0.526705 0.386287 0.034349 0.100677
3 0.525579 0.381598 0.037939 0.096415
2 0.535754 0.330351 0.032312 0.068569
4 0.606454 0.377927 0.030029 0.102657
4 0.546327 0.415651 0.083087 0.049428
7 0.489073 0.374220 0.072886 0.080385
