4 0.649410 0.450329 0.055859 0.108209
2 0.077542 0.366169 0.079364 0.105159
6 0.246124 0.871841 0.068766 0.237202
4 0.956188 0.558590 0.047844 0.165008
4 0.177068 0.398968 0.038194 0.111865
4 0.242352 0.423759 0.041460 0.108743
4 0.372187 0.325519 0.044604 0.068021
4 0.677835 0.345787 0.024276 0.095497
4 0.806337 0.362810 0.027218 0.087976
4 0.502220 0.331772 0.034012 0.078814
4 0.537247 0.319156 0.025042 0.077950
6 0.425406 0.322472 0.025312 0.104983
4 0.479672 0.334755 0.025903 0.073544
3 0.136692 0.354454 0.026182 0.107242
5 0.509679 0.371686 0.007079 0.010443