2 0.167467 0.378187 0.071195 0.100805
6 0.539138 0.696649 0.041627 0.198592
4 0.387113 0.411885 0.028701 0.101083
4 0.742581 0.367928 0.022782 0.092801
4 0.695303 0.468203 0.032126 0.108038
4 0.352773 0.469977 0.035490 0.110761
4 0.298297 0.386263 0.028968 0.093616
4 0.605833 0.351304 0.023549 0.079497
4 0.411617 0.399536 0.022989 0.108977
4 0.432536 0.369533 0.021338 0.089831
4 0.475244 0.352314 0.033113 0.101478
4 0.438567 0.330365 0.024125 0.079250
3 0.240879 0.369287 0.025888 0.097486
4 0.475391 0.368005 0.033157 0.070175
4 0.709251 0.954910 0.077484 0.088761
4 0.743100 0.953758 0.146566 0.092483