4 0.428414 0.573190 0.054017 0.178789
2 0.827464 0.282484 0.078957 0.120684
4 0.715350 0.294326 0.031292 0.102046
4 0.445417 0.294728 0.034630 0.124559
4 0.264916 0.363840 0.032309 0.127710
6 0.461974 0.247369 0.023885 0.109681
4 0.647729 0.294123 0.029921 0.105138
4 0.392110 0.405720 0.038737 0.132523
4 0.233046 0.342821 0.027702 0.127542
3 0.744096 0.274688 0.025448 0.109924
4 0.538659 0.365472 0.038272 0.111574
4 0.634245 0.240187 0.027496 0.099561
4 0.544661 0.330455 0.043207 0.117838
4 0.365005 0.923993 0.079713 0.150538