6 0.053233 0.530864 0.027725 0.103574
4 0.616985 0.466003 0.028997 0.067626
4 0.440475 0.486249 0.023047 0.067707
4 0.362179 0.484014 0.021201 0.075284
4 0.499132 0.436434 0.027766 0.061592
4 0.553968 0.450810 0.026902 0.061923
4 0.537972 0.485746 0.022518 0.064993
2 0.158645 0.453238 0.064417 0.078790
4 0.754206 0.496733 0.031332 0.073281
4 0.675059 0.494778 0.028008 0.069602
3 0.177792 0.450308 0.018960 0.075609
4 0.652929 0.473884 0.027110 0.052828
5 0.675009 0.530979 0.010430 0.014468
7 0.158645 0.453238 0.064417 0.063032
