2 0.116779 0.436869 0.064033 0.088096
4 0.565207 0.532794 0.038970 0.110433
4 0.624328 0.495792 0.029954 0.082789
4 0.764680 0.468190 0.027733 0.112257
4 0.628865 0.423948 0.026715 0.070443
6 0.213036 0.395458 0.021000 0.082486
4 0.245890 0.435347 0.026829 0.085887
4 0.398211 0.406151 0.021882 0.065730
4 0.482294 0.390425 0.018174 0.069845
3 0.161879 0.428747 0.025765 0.092431
4 0.438415 0.392102 0.024295 0.063238
4 0.482986 0.453817 0.022295 0.083511
4 0.478477 0.452614 0.032268 0.084847
4 0.663236 0.421252 0.017179 0.077509
4 0.479083 0.454848 0.050226 0.080839