2 0.269562 0.412078 0.056629 0.072240
4 0.434926 0.491525 0.030887 0.089616
3 0.320446 0.411519 0.028891 0.062603
4 0.365378 0.438308 0.025405 0.076510
4 0.607827 0.506226 0.033152 0.098936
4 0.744516 0.428799 0.028669 0.078135
4 0.488368 0.395393 0.023991 0.067326
6 0.537779 0.396731 0.018615 0.088996
4 0.561152 0.400373 0.024281 0.064958
4 0.465491 0.398842 0.016643 0.074633
6 0.607903 0.506252 0.032682 0.098352
4 0.507468 0.410857 0.028022 0.066955
4 0.133816 0.810843 0.267422 0.369078
4 0.537067 0.409524 0.018281 0.065437
5 0.593976 0.626124 0.013063 0.015037
4 0.062599 0.733452 0.124536 0.531268
5 0.622609 0.433028 0.009655 0.014316
7 0.269562 0.412078 0.056629 0.057792
