2 0.098992 0.411209 0.069443 0.095646
6 0.813674 0.683929 0.047805 0.164520
4 0.571008 0.570516 0.044990 0.133716
4 0.771684 0.520889 0.039755 0.111797
6 0.276386 0.347655 0.019385 0.091056
4 0.166196 0.436799 0.031982 0.079501
4 0.482494 0.409780 0.033069 0.091678
4 0.785762 0.408233 0.022562 0.090436
4 0.632953 0.388051 0.027203 0.087360
3 0.148641 0.397836 0.023685 0.094115
4 0.385540 0.334953 0.021955 0.067311
4 0.491099 0.352130 0.028658 0.062634
4 0.349890 0.373813 0.022630 0.086681
4 0.405391 0.338468 0.017117 0.059294