4 0.574785 0.498790 0.044482 0.129287
2 0.138305 0.401748 0.075263 0.105764
4 0.262257 0.427304 0.030165 0.097352
4 0.377806 0.434932 0.033939 0.086905
6 0.604514 0.867262 0.061488 0.245639
3 0.215645 0.393091 0.036168 0.098398
4 0.518579 0.344458 0.021221 0.083546
4 0.469772 0.385361 0.031231 0.077787
4 0.633746 0.358823 0.027520 0.084294
4 0.743893 0.385052 0.023022 0.098460
4 0.441399 0.386995 0.029810 0.068410
4 0.331444 0.412228 0.029923 0.102928
4 0.341314 0.418682 0.030030 0.094518
6 0.480994 0.368309 0.024088 0.084735
4 0.481078 0.368793 0.024102 0.086595
1 0.347964 0.425614 0.082001 0.097837