6 0.230622 0.852878 0.050329 0.236869
2 0.031159 0.467404 0.061914 0.101718
4 0.386922 0.486973 0.027312 0.101814
4 0.194051 0.479980 0.030268 0.074303
3 0.093275 0.468722 0.020048 0.082043
4 0.438874 0.448725 0.027776 0.081820
4 0.342415 0.455164 0.023566 0.071274
4 0.127395 0.497908 0.026195 0.090278
4 0.168680 0.467398 0.027639 0.073489
4 0.281736 0.481797 0.025528 0.090957
4 0.462378 0.440620 0.022321 0.075100
4 0.918354 0.476742 0.021536 0.086756
6 0.323416 0.433465 0.025512 0.088318
4 0.353208 0.412248 0.017221 0.062371
4 0.293916 0.457110 0.023248 0.056614
4 0.323217 0.433692 0.025692 0.088252