4 0.946344 0.876046 0.101089 0.246337
4 0.202194 0.556910 0.074028 0.193573
2 0.160907 0.287814 0.095488 0.131569
6 0.609523 0.908921 0.092893 0.181150
4 0.677353 0.386312 0.034135 0.156988
4 0.359016 0.435500 0.054010 0.183188
4 0.826844 0.361804 0.042119 0.165339
4 0.803857 0.394289 0.038005 0.143331
6 0.565613 0.243123 0.028476 0.134754
4 0.815956 0.849767 0.076508 0.295754
4 0.748877 0.397120 0.037333 0.175702
4 0.725687 0.396044 0.031063 0.155544
3 0.245626 0.275681 0.036285 0.141742
5 0.168104 0.542359 0.010842 0.015940
5 0.048591 0.931393 0.019249 0.023290
5 0.173080 0.575659 0.008718 0.012275