2 0.172983 0.424156 0.088639 0.116741
4 0.826738 0.470340 0.039299 0.135194
6 0.757843 0.670118 0.051473 0.228233
6 0.573837 0.394301 0.033768 0.124234
4 0.429180 0.454895 0.031495 0.153298
4 0.602109 0.415779 0.032960 0.123178
4 0.455854 0.392534 0.032024 0.117070
4 0.288233 0.439173 0.031089 0.126406
4 0.797604 0.401120 0.041688 0.117682
4 0.807822 0.406612 0.025869 0.119448
4 0.053512 0.077277 0.103913 0.107446
4 0.267293 0.413302 0.032470 0.118663
1 0.406893 0.470606 0.081142 0.117238
4 0.791636 0.399206 0.030303 0.117272
5 0.646014 0.382355 0.008175 0.011048
3 0.265114 0.410645 0.035607 0.125584