2 0.866957 0.389235 0.083276 0.109779
6 0.719885 0.662885 0.047682 0.212979
4 0.438956 0.476791 0.039483 0.169315
4 0.717561 0.398224 0.028121 0.108482
4 0.393607 0.452630 0.033093 0.136417
6 0.513985 0.372206 0.030414 0.096201
4 0.245058 0.481269 0.028003 0.131901
4 0.698884 0.379359 0.029728 0.100022
4 0.692704 0.331277 0.053494 0.045742
4 0.692744 0.357396 0.053789 0.097737
4 0.248393 0.423147 0.071319 0.141365
4 0.770800 0.377751 0.042812 0.120560
0 0.025714 0.802742 0.051427 0.292747
4 0.513936 0.370510 0.030313 0.095750