4 0.684070 0.437033 0.053122 0.121922
2 0.115875 0.222255 0.064879 0.093203
4 0.353709 0.390906 0.048863 0.127588
4 0.528367 0.330489 0.044583 0.114094
4 0.484078 0.472066 0.053057 0.145507
4 0.804564 0.414510 0.048297 0.131807
6 0.333810 0.146565 0.017513 0.072776
4 0.228571 0.216643 0.028254 0.076704
4 0.605733 0.231635 0.026846 0.089893
4 0.210272 0.284395 0.036612 0.102435
3 0.170205 0.227335 0.033973 0.065725
4 0.282960 0.202817 0.027115 0.076740
4 0.308670 0.232280 0.075841 0.036223
4 0.306953 0.212386 0.078492 0.074187
5 0.010299 0.655751 0.014900 0.016368