2 0.127983 0.396898 0.074569 0.100142
6 0.588133 0.852606 0.057435 0.239374
6 0.479705 0.349679 0.022329 0.098507
4 0.363066 0.419045 0.032584 0.112910
4 0.251767 0.420889 0.030726 0.093621
4 0.462447 0.379098 0.033666 0.083891
4 0.560590 0.476813 0.037554 0.126579
4 0.506105 0.335523 0.020555 0.080670
4 0.753260 0.378508 0.023352 0.091960
4 0.426884 0.380298 0.030152 0.063851
4 0.670997 0.359613 0.026675 0.097729
4 0.327212 0.411696 0.030707 0.093788
3 0.193333 0.386800 0.029724 0.104667
4 0.315190 0.401695 0.028510 0.092669