4 0.587465 0.541866 0.042153 0.163543
4 0.553901 0.448716 0.040904 0.152612
2 0.373630 0.251266 0.076679 0.089688
4 0.477750 0.337885 0.026427 0.083976
4 0.510937 0.303788 0.024986 0.079449
4 0.628479 0.351466 0.037472 0.104957
4 0.542610 0.314882 0.028888 0.079177
4 0.506683 0.397006 0.030383 0.125271
4 0.834630 0.345573 0.028427 0.101509
4 0.697935 0.321984 0.029048 0.102889
4 0.297766 0.359173 0.027200 0.101030
6 0.677389 0.245684 0.016881 0.079569
3 0.407569 0.271179 0.024689 0.067617
4 0.096871 0.537132 0.192619 0.840437