2 0.208514 0.411960 0.057422 0.081203
6 0.554730 0.663450 0.034687 0.169945
6 0.459992 0.379970 0.019463 0.075463
4 0.342592 0.456466 0.024541 0.084836
4 0.669937 0.480947 0.026175 0.085029
4 0.491598 0.411641 0.031874 0.072601
4 0.604669 0.397671 0.019685 0.066319
4 0.433700 0.403350 0.019677 0.071234
4 0.356003 0.377951 0.020245 0.066593
4 0.295817 0.395309 0.024344 0.078101
4 0.276086 0.404479 0.028020 0.075204
4 0.652484 0.920111 0.078975 0.152894
4 0.704026 0.433333 0.038976 0.078293
4 0.284146 0.413403 0.022914 0.070260
4 0.285964 0.440552 0.020662 0.104857
4 0.287322 0.451938 0.019963 0.090572
5 0.276827 0.448022 0.007022 0.010394