2 0.178036 0.343450 0.081411 0.113727
4 0.739136 0.437880 0.040912 0.142590
4 0.287586 0.389143 0.028129 0.136409
6 0.564382 0.312495 0.027559 0.118745
4 0.430353 0.394442 0.033478 0.124876
4 0.334438 0.399195 0.032420 0.127403
4 0.677206 0.361213 0.030574 0.118256
4 0.529664 0.382590 0.037627 0.136320
4 0.403214 0.333354 0.035506 0.101273
4 0.978617 0.404910 0.039551 0.151185
4 0.264881 0.326449 0.039156 0.129189
4 0.454569 0.322553 0.024605 0.113829
4 0.688763 0.349808 0.047935 0.127667
1 0.404943 0.376452 0.090455 0.104674
5 0.118259 0.538318 0.017849 0.018729