6 0.231293 0.610617 0.055344 0.157315
4 0.533561 0.327079 0.025833 0.068432
4 0.636153 0.422216 0.027235 0.098792
4 0.381166 0.402283 0.024888 0.087905
4 0.299288 0.357630 0.020680 0.073260
2 0.128409 0.323119 0.061681 0.080379
4 0.801975 0.427872 0.031509 0.101991
4 0.439996 0.311111 0.020512 0.057244
4 0.256773 0.473368 0.032443 0.110946
4 0.411188 0.308284 0.024420 0.059862
4 0.194074 0.327480 0.033079 0.055234
4 0.451249 0.307893 0.015561 0.052192
1 0.816548 0.505794 0.366904 0.177806
4 0.446818 0.308723 0.024188 0.054765
7 0.128409 0.323119 0.061681 0.064303
