4 0.575386 0.574146 0.054326 0.148952
2 0.316278 0.307481 0.062611 0.084933
4 0.454148 0.501115 0.068268 0.118120
4 0.713130 0.359381 0.032288 0.105156
4 0.600239 0.282433 0.033008 0.076256
4 0.879545 0.379727 0.029947 0.103815
4 0.352424 0.337337 0.027995 0.095112
4 0.224264 0.384048 0.027962 0.103973
4 0.446811 0.356196 0.038994 0.092528
4 0.272566 0.428719 0.048754 0.121368
3 0.325101 0.311458 0.026362 0.081584
6 0.087200 0.366010 0.023557 0.118937
4 0.267481 0.373128 0.034846 0.087883
5 0.129289 0.675292 0.016227 0.027329