4 0.931346 0.389183 0.051643 0.120232
4 0.519885 0.481232 0.055849 0.107639
4 0.269332 0.250117 0.024371 0.071351
4 0.829183 0.408683 0.042154 0.108396
4 0.705292 0.435524 0.036801 0.122516
3 0.110866 0.230258 0.025116 0.074624
6 0.081051 0.474178 0.043602 0.107169
5 0.339218 0.725942 0.017320 0.019040
2 0.097865 0.233807 0.055230 0.067995
4 0.984722 0.249055 0.025337 0.083479
5 0.746000 0.475800 0.013422 0.020113
6 0.984862 0.249554 0.025116 0.082976
4 0.969145 0.671705 0.061710 0.189782
7 0.097865 0.233807 0.055230 0.054396
