4 0.308548 0.509276 0.058172 0.168752
2 0.652524 0.332290 0.080191 0.091020
6 0.397980 0.280117 0.023925 0.090738
4 0.624860 0.349197 0.028412 0.093501
4 0.487212 0.318264 0.025958 0.094441
4 0.581528 0.327172 0.022358 0.094696
4 0.221347 0.360484 0.028490 0.090918
4 0.268315 0.345557 0.028965 0.108849
4 0.601393 0.401842 0.030018 0.118605
4 0.599341 0.320044 0.018439 0.097323
6 0.350243 0.310599 0.022926 0.087845
1 0.354270 0.404813 0.313648 0.108320
4 0.866019 0.549608 0.267963 0.900784
7 0.652524 0.332290 0.080191 0.072816
