4 0.841052 0.400901 0.026438 0.066600
4 0.142620 0.516730 0.035880 0.108521
4 0.777446 0.443308 0.026931 0.073846
4 0.219046 0.405287 0.022037 0.079257
6 0.188187 0.367411 0.014329 0.060398
4 0.448445 0.487820 0.029676 0.093777
4 0.496206 0.393503 0.027585 0.063028
4 0.650468 0.364744 0.024638 0.073856
4 0.794193 0.377496 0.029980 0.062357
5 0.556040 0.405335 0.014725 0.011507
4 0.477828 0.507377 0.019998 0.086128
2 0.815327 0.323533 0.042352 0.031369
4 0.972796 0.388363 0.031844 0.049534
7 0.815327 0.323533 0.042352 0.025095
