2 0.163735 0.391929 0.073183 0.103071
4 0.842887 0.523675 0.039478 0.131310
6 0.084707 0.401309 0.026835 0.106977
4 0.695999 0.353765 0.030628 0.086716
4 0.553381 0.369415 0.030458 0.099339
4 0.752151 0.372515 0.030463 0.096120
4 0.276390 0.399263 0.029160 0.105745
4 0.533341 0.501109 0.035693 0.130440
4 0.356655 0.376630 0.024586 0.089543
4 0.324037 0.347874 0.022863 0.094640
3 0.223834 0.379545 0.040647 0.100041
4 0.456386 0.325221 0.029114 0.076545
4 0.419654 0.329676 0.029524 0.072862
5 0.741949 0.631082 0.015429 0.015013