2 0.406140 0.225851 0.085338 0.116956
4 0.255710 0.504173 0.056615 0.218543
4 0.323369 0.351952 0.044910 0.137805
4 0.451014 0.416932 0.047663 0.169794
4 0.661889 0.328745 0.043745 0.158530
4 0.837538 0.506257 0.042927 0.200635
6 0.281880 0.371924 0.036780 0.183065
3 0.414401 0.223773 0.044257 0.123095
4 0.540754 0.299520 0.035190 0.129889
4 0.574495 0.260807 0.035131 0.132758
4 0.786617 0.814326 0.078625 0.318460
5 0.612737 0.417302 0.009632 0.012242
4 0.584797 0.298164 0.034201 0.125060
4 0.111494 0.417053 0.037220 0.177701
1 0.630296 0.278001 0.068978 0.127815
4 0.050640 0.765979 0.101281 0.468043