2 0.372798 0.272838 0.061065 0.081807
4 0.779765 0.537489 0.045124 0.170707
4 0.674910 0.477560 0.046450 0.157011
4 0.979260 0.645178 0.041327 0.191512
4 0.623850 0.396829 0.033618 0.142383
4 0.287119 0.480845 0.037918 0.142978
4 0.450372 0.349474 0.031057 0.110888
4 0.545636 0.287147 0.025110 0.096233
3 0.379257 0.270886 0.025791 0.094434
4 0.440180 0.268455 0.027744 0.110992
4 0.497195 0.369427 0.031893 0.115510
6 0.988923 0.429077 0.022154 0.151566
4 0.507281 0.299005 0.019958 0.092749
6 0.458897 0.269886 0.014826 0.100444
4 0.874362 0.924796 0.095760 0.143475
5 0.226792 0.652297 0.026424 0.028414
3 0.796156 0.905092 0.100467 0.185537
5 0.719716 0.595696 0.020703 0.021856