4 0.338524 0.460390 0.034431 0.143523
4 0.488636 0.329127 0.041725 0.083981
4 0.409926 0.343673 0.042641 0.086749
4 0.595053 0.310897 0.026116 0.087171
4 0.293446 0.344747 0.030972 0.093496
4 0.630926 0.335301 0.027640 0.100823
2 0.300908 0.230613 0.051223 0.067997
4 0.365966 0.286659 0.028196 0.067838
4 0.372056 0.341083 0.029112 0.101078
4 0.394747 0.406085 0.040469 0.112816
6 0.594557 0.206787 0.017928 0.057599
4 0.310009 0.256719 0.031923 0.059071
4 0.817822 0.674901 0.051175 0.173243
6 0.299036 0.508540 0.029813 0.100146
4 0.087630 0.530450 0.174730 0.703000
4 0.298434 0.507753 0.029127 0.101777
3 0.310038 0.255380 0.031823 0.056282
7 0.300908 0.230613 0.051223 0.054398
