2 0.951283 0.303695 0.078088 0.102991
4 0.489046 0.575188 0.049582 0.175252
4 0.281628 0.574639 0.049736 0.199739
6 0.057962 0.857063 0.063696 0.269867
6 0.872018 0.259027 0.021868 0.096078
4 0.799037 0.509908 0.042193 0.167017
4 0.283985 0.292198 0.027558 0.101369
4 0.732942 0.394174 0.034233 0.113004
4 0.458839 0.284964 0.029310 0.095696
4 0.608762 0.282924 0.026899 0.092756
4 0.186717 0.306144 0.024733 0.100291
4 0.802038 0.300551 0.042755 0.091097
3 0.803055 0.299752 0.040382 0.091948
4 0.361226 0.283504 0.033615 0.108300
4 0.368870 0.285551 0.050922 0.110034