4 0.170582 0.510785 0.047186 0.158703
4 0.483261 0.435741 0.041047 0.137381
4 0.223218 0.398649 0.027428 0.114919
4 0.878071 0.412785 0.044160 0.120940
2 0.965528 0.405960 0.068944 0.122274
3 0.936858 0.398177 0.040319 0.116000
4 0.621947 0.340276 0.030682 0.072366
4 0.767811 0.364701 0.035215 0.108400
4 0.490487 0.340077 0.031903 0.105738
4 0.453778 0.369103 0.026339 0.112494
4 0.544142 0.350163 0.030480 0.103658
0 0.029141 0.847456 0.058086 0.297023
4 0.590517 0.337232 0.065610 0.082031
6 0.011631 0.421240 0.023261 0.150473
4 0.579077 0.334783 0.041482 0.088728
7 0.965528 0.405960 0.068944 0.097819
