4 0.376784 0.364638 0.021066 0.065005
4 0.446884 0.519979 0.030335 0.119265
2 0.529354 0.291042 0.045559 0.050089
4 0.486898 0.372969 0.023617 0.074018
4 0.412415 0.346958 0.018805 0.074379
4 0.365628 0.335285 0.016762 0.066503
4 0.568671 0.330327 0.020642 0.060043
4 0.592483 0.312114 0.016925 0.062271
6 0.498456 0.284881 0.010814 0.046958
4 0.558472 0.306343 0.014364 0.048787
4 0.830146 0.210056 0.117514 0.409959
4 0.607229 0.300844 0.012325 0.061190
4 0.566232 0.323730 0.025502 0.073638
3 0.515082 0.296642 0.017275 0.035597
7 0.529354 0.291042 0.045559 0.040071
