4 0.309827 0.539694 0.059100 0.152811
6 0.809100 0.922918 0.060312 0.154010
2 0.364854 0.310676 0.065078 0.083618
4 0.682291 0.474910 0.041055 0.139400
6 0.480261 0.266432 0.023241 0.099351
4 0.111260 0.368629 0.029605 0.095000
4 0.259255 0.415332 0.038239 0.123604
4 0.669333 0.384177 0.033469 0.127575
4 0.374247 0.337433 0.033835 0.099404
5 0.384539 0.423142 0.009913 0.013563
4 0.054642 0.689962 0.108984 0.620055
3 0.372105 0.317564 0.040366 0.071441
4 0.509514 0.818868 0.058024 0.176687
5 0.314898 0.471151 0.009957 0.011523