2 0.227735 0.284214 0.070844 0.099452
4 0.750978 0.281081 0.034059 0.082391
4 0.875181 0.529508 0.043106 0.174662
6 0.393491 0.212661 0.020150 0.091881
3 0.279799 0.277939 0.027321 0.092293
4 0.778381 0.264391 0.031607 0.096280
4 0.433554 0.298089 0.031461 0.104962
4 0.738849 0.412037 0.044466 0.123701
4 0.336293 0.336141 0.036903 0.112695
6 0.605482 0.767357 0.048680 0.256950
4 0.550661 0.276996 0.027959 0.084319
4 0.301091 0.328711 0.024835 0.112323
4 0.590482 0.237092 0.037964 0.065549
4 0.696233 0.895312 0.070260 0.147736
5 0.057026 0.738590 0.022648 0.024887
5 0.062182 0.740802 0.030976 0.027092
1 0.443816 0.317650 0.110242 0.112549