2 0.095582 0.386825 0.122189 0.156145
4 0.940427 0.396981 0.062906 0.181333
4 0.806537 0.367070 0.049963 0.180943
4 0.852572 0.350976 0.042666 0.167692
4 0.755066 0.525623 0.054608 0.188382
4 0.652211 0.450062 0.048118 0.200831
4 0.520567 0.321332 0.039556 0.145960
4 0.461310 0.348248 0.040592 0.174850
4 0.257968 0.408256 0.040287 0.176553
3 0.177258 0.368597 0.037497 0.163170
6 0.344725 0.329379 0.032407 0.166193
4 0.224247 0.379067 0.036896 0.177336
1 0.179126 0.711876 0.358160 0.339030
5 0.397663 0.498063 0.015640 0.012844
4 0.521463 0.280032 0.031756 0.091086
1 0.427944 0.451604 0.121611 0.165710