4 0.826870 0.473143 0.031844 0.087555
2 0.434619 0.393522 0.046865 0.059458
6 0.563512 0.345088 0.015759 0.054028
4 0.631294 0.423068 0.035792 0.059864
4 0.590946 0.423517 0.025518 0.059182
4 0.682209 0.461891 0.023558 0.073811
4 0.381589 0.388886 0.023653 0.058609
4 0.605703 0.375969 0.020387 0.050202
4 0.538859 0.391933 0.024415 0.056092
4 0.656847 0.479409 0.034063 0.070899
4 0.733029 0.455511 0.026175 0.079268
4 0.184759 0.476679 0.342514 0.830226
5 0.719914 0.615763 0.012833 0.013885
4 0.470908 0.408411 0.025183 0.070382
5 0.719588 0.615225 0.013704 0.018725
0 0.966910 0.862261 0.066180 0.270070
7 0.434619 0.393522 0.046865 0.047566
