4 0.784824 0.281132 0.037068 0.145453
2 0.778134 0.142626 0.068177 0.090510
6 0.872043 0.222399 0.036285 0.133496
4 0.738517 0.331173 0.036811 0.151522
4 0.569569 0.416269 0.041643 0.173535
4 0.533346 0.300178 0.040744 0.156643
4 0.716077 0.245157 0.032088 0.126772
4 0.440909 0.211844 0.026587 0.113375
4 0.375326 0.231154 0.033735 0.126605
4 0.560868 0.178137 0.025028 0.113086
4 0.649773 0.281381 0.031916 0.125448
4 0.491559 0.150954 0.024597 0.107761
4 0.580858 0.174466 0.026561 0.110141
4 0.632714 0.187152 0.037663 0.110967
3 0.775891 0.137031 0.033752 0.104338
1 0.351922 0.179634 0.039117 0.101783
4 0.375007 0.799382 0.098561 0.278802