2 0.862132 0.379681 0.097655 0.120727
4 0.376974 0.449516 0.037076 0.137850
4 0.601575 0.426969 0.043008 0.116232
4 0.287423 0.352130 0.032956 0.098934
3 0.736303 0.375739 0.040693 0.114937
4 0.384579 0.333714 0.030793 0.095255
4 0.164760 0.407980 0.034792 0.113040
6 0.635099 0.735926 0.054797 0.263741
4 0.654870 0.411349 0.038943 0.108899
4 0.677391 0.395158 0.036175 0.109665
4 0.478719 0.374036 0.038267 0.098825
4 0.442808 0.382158 0.035256 0.102064
4 0.658841 0.305633 0.078075 0.040945
3 0.635295 0.734706 0.055668 0.261786