2 0.105721 0.433084 0.068563 0.096746
6 0.461647 0.573388 0.039791 0.150252
4 0.521362 0.493222 0.036346 0.112938
4 0.240420 0.447279 0.025685 0.100293
4 0.199617 0.471246 0.034048 0.084828
4 0.339028 0.410290 0.021750 0.087325
4 0.600039 0.395307 0.020647 0.082466
4 0.292295 0.462465 0.024689 0.100706
4 0.406443 0.418903 0.024503 0.071218
4 0.757688 0.422978 0.020481 0.079821
3 0.168746 0.428124 0.019334 0.087454
4 0.449434 0.383872 0.019437 0.071887
4 0.283873 0.441831 0.029103 0.087148
1 0.930058 0.796881 0.139883 0.360335
4 0.405290 0.390014 0.020011 0.066025
4 0.405126 0.378682 0.018928 0.042715