2 0.030354 0.411389 0.060708 0.108162
6 0.259401 0.914512 0.073236 0.164888
4 0.584260 0.550091 0.045342 0.153260
4 0.417730 0.388246 0.035340 0.094486
4 0.121923 0.426151 0.033473 0.102030
4 0.658153 0.411853 0.034965 0.092342
4 0.355134 0.419495 0.043231 0.096473
4 0.320841 0.468077 0.037897 0.112493
4 0.375815 0.369775 0.029763 0.101063
4 0.392901 0.365337 0.028087 0.104051
0 0.955636 0.771201 0.088729 0.287968
4 0.385404 0.367506 0.029892 0.105801
3 0.104861 0.396854 0.025793 0.109449
4 0.105387 0.396637 0.026479 0.109371