2 0.165303 0.273447 0.067543 0.097452
4 0.595794 0.417522 0.040704 0.151164
4 0.536368 0.317796 0.032861 0.093920
4 0.234630 0.366385 0.041751 0.094349
4 0.407808 0.280934 0.035332 0.081455
6 0.336644 0.200663 0.019252 0.080433
4 0.303094 0.401077 0.035160 0.126374
4 0.481583 0.322570 0.035572 0.103727
4 0.736695 0.329969 0.040113 0.109888
3 0.224228 0.273387 0.034795 0.082867
4 0.369204 0.328491 0.038531 0.094226
4 0.371653 0.277873 0.031270 0.079589
6 0.670053 0.807868 0.054557 0.201696
1 0.963635 0.575169 0.072195 0.233359
6 0.963624 0.859269 0.072753 0.275592