2 0.188400 0.371665 0.066639 0.084724
6 0.606597 0.575302 0.042049 0.157899
6 0.721098 0.408366 0.033817 0.101501
4 0.483757 0.371191 0.035901 0.075002
4 0.535799 0.336416 0.024734 0.080385
6 0.512799 0.339498 0.017353 0.090082
4 0.412457 0.353352 0.030570 0.064088
4 0.339649 0.483302 0.034453 0.127557
4 0.261475 0.419965 0.037337 0.090679
3 0.233642 0.377643 0.032042 0.060599
4 0.602863 0.393637 0.028686 0.078004
5 0.575640 0.617992 0.014558 0.017279
1 0.135553 0.590041 0.268894 0.251292
4 0.498309 0.336754 0.024022 0.076593
7 0.188400 0.371665 0.066639 0.067779
