4 0.515936 0.446902 0.066285 0.175765
2 0.272284 0.278386 0.080552 0.110012
4 0.741293 0.378011 0.047825 0.143056
4 0.510694 0.608534 0.060559 0.218601
6 0.033528 0.333622 0.030847 0.149182
4 0.671302 0.321969 0.039506 0.125465
4 0.541252 0.267024 0.025110 0.101141
4 0.513669 0.271018 0.031760 0.094961
3 0.312511 0.286573 0.038707 0.088608
4 0.418314 0.317546 0.032049 0.089800
4 0.727782 0.929482 0.080744 0.139263
4 0.425838 0.259483 0.030419 0.101357
4 0.448295 0.290133 0.030899 0.104412
5 0.608223 0.515545 0.010654 0.016735