2 0.761767 0.390801 0.062702 0.082010
4 0.868334 0.499291 0.034756 0.120004
3 0.709073 0.401981 0.030610 0.063574
4 0.395692 0.504937 0.033199 0.112954
4 0.543557 0.417389 0.025180 0.075507
4 0.677892 0.416151 0.024384 0.079273
6 0.677101 0.333294 0.018329 0.074100
4 0.608633 0.494493 0.028259 0.108473
4 0.497842 0.562049 0.036613 0.130233
4 0.466486 0.425536 0.027035 0.088030
4 0.185559 0.442369 0.026600 0.099631
4 0.662147 0.406588 0.021269 0.085931
5 0.480065 0.470751 0.006295 0.008520
1 0.843053 0.592055 0.311827 0.231172
7 0.761767 0.390801 0.062702 0.065608
