4 0.762319 0.539954 0.048139 0.124244
4 0.648032 0.554065 0.047037 0.130870
2 0.031238 0.391423 0.062454 0.101128
4 0.375597 0.321748 0.032838 0.069628
4 0.631708 0.386035 0.030256 0.095154
4 0.309685 0.358872 0.026972 0.080874
4 0.343589 0.317696 0.029950 0.066201
6 0.239534 0.329139 0.016704 0.093622
6 0.913137 0.658446 0.033363 0.144214
4 0.814551 0.386867 0.024697 0.091746
4 0.148885 0.435641 0.038500 0.091045
4 0.523838 0.353238 0.030734 0.105958
3 0.075783 0.379085 0.025914 0.101813
4 0.524040 0.369720 0.030252 0.074067