2 0.773581 0.423422 0.095184 0.115385
4 0.216687 0.452984 0.032587 0.153413
4 0.349743 0.455364 0.042449 0.149028
6 0.674253 0.386995 0.028783 0.126964
4 0.452575 0.403271 0.039095 0.144401
4 0.633633 0.398895 0.027631 0.125312
4 0.612093 0.402237 0.024933 0.126267
4 0.331980 0.487302 0.034130 0.151789
4 0.599102 0.384057 0.026405 0.116215
4 0.568302 0.435292 0.038241 0.111031
4 0.683422 0.425087 0.037933 0.092283
4 0.565438 0.378088 0.028856 0.099869
3 0.687284 0.425636 0.046219 0.091102
4 0.557354 0.380219 0.043633 0.103969
5 0.826386 0.791631 0.014565 0.014451