2 0.906909 0.329781 0.131599 0.161174
4 0.017575 0.359304 0.035150 0.207349
4 0.326704 0.357054 0.046230 0.176690
4 0.556417 0.410133 0.056402 0.227468
4 0.613637 0.397221 0.045204 0.209924
6 0.413791 0.499981 0.060846 0.263143
4 0.090665 0.438428 0.049935 0.224284
4 0.705113 0.308485 0.043037 0.193994
4 0.741819 0.307340 0.046776 0.181214
4 0.736432 0.334090 0.039414 0.187372
3 0.795241 0.318158 0.049592 0.171978
4 0.661025 0.301126 0.041733 0.178460
4 0.681029 0.301962 0.083043 0.185817
4 0.670597 0.299806 0.058155 0.178942
6 0.630629 0.253455 0.032146 0.161743