4 0.379738 0.427977 0.051056 0.120807
6 0.468345 0.857776 0.073359 0.281990
4 0.443875 0.448876 0.043828 0.123824
4 0.749270 0.537724 0.053776 0.168890
2 0.171836 0.417818 0.092253 0.133855
4 0.400815 0.501952 0.048027 0.134990
4 0.900767 0.429275 0.038041 0.113135
3 0.235744 0.426436 0.040471 0.105961
4 0.622265 0.422547 0.034455 0.112382
4 0.575585 0.423820 0.036416 0.138262
4 0.569467 0.412575 0.035281 0.104085
6 0.600519 0.380120 0.027600 0.134801
4 0.567999 0.387461 0.037960 0.135889
4 0.598691 0.379806 0.029604 0.129286