2 0.089896 0.393593 0.073866 0.098392
4 0.551490 0.555393 0.047793 0.157206
4 0.236311 0.398769 0.034304 0.087949
4 0.481065 0.437596 0.028572 0.117520
4 0.756639 0.448103 0.037067 0.100790
4 0.305910 0.373404 0.028011 0.092738
4 0.723772 0.378055 0.034054 0.076161
4 0.360520 0.349852 0.027475 0.079127
4 0.216596 0.395729 0.030325 0.089595
4 0.616764 0.393298 0.036784 0.086768
1 0.505663 0.415455 0.079229 0.085717
4 0.171524 0.384696 0.035160 0.105272
6 0.873843 0.397408 0.032161 0.104211
1 0.953658 0.729255 0.092683 0.262581
1 0.478607 0.416551 0.132741 0.084547
7 0.089896 0.393593 0.073866 0.078714
