4 0.869575 0.496459 0.051939 0.154562
4 0.081495 0.359399 0.046665 0.143235
4 0.386733 0.329110 0.041417 0.133275
4 0.196971 0.393390 0.047907 0.117001
2 0.265227 0.269475 0.081301 0.111654
6 0.151213 0.406882 0.034354 0.174777
4 0.248145 0.422311 0.040410 0.120961
4 0.317591 0.335123 0.033118 0.126737
4 0.476003 0.336206 0.032172 0.140536
4 0.391878 0.619114 0.049945 0.186959
4 0.263478 0.324803 0.028979 0.108526
3 0.268210 0.274788 0.037682 0.112706
6 0.082435 0.585935 0.063750 0.304961
5 0.802076 0.560372 0.013082 0.014652