4 0.522330 0.526815 0.030318 0.137562
6 0.091343 0.443892 0.023880 0.086174
2 0.647094 0.379280 0.046133 0.059465
4 0.572076 0.399895 0.018993 0.071418
4 0.397074 0.376768 0.020631 0.055229
4 0.448564 0.363529 0.021210 0.043616
4 0.545365 0.407034 0.019603 0.071350
4 0.606300 0.412881 0.019923 0.064108
4 0.419944 0.356569 0.020522 0.044183
4 0.407453 0.431809 0.018324 0.069617
4 0.814140 0.624372 0.369209 0.576408
3 0.603681 0.377533 0.017902 0.044378
4 0.215061 0.440437 0.028659 0.082854
6 0.215090 0.441812 0.030293 0.080701
6 0.407083 0.431410 0.017831 0.069819
5 0.496606 0.555628 0.008977 0.011864
7 0.647094 0.379280 0.046133 0.047572
