4 0.262525 0.467314 0.077830 0.140020
4 0.670639 0.537777 0.057597 0.185643
6 0.526607 0.726555 0.066533 0.254688
4 0.741087 0.283532 0.025332 0.104695
4 0.243873 0.275197 0.026640 0.091814
6 0.623542 0.202459 0.017785 0.077776
3 0.799240 0.262011 0.033892 0.088259
4 0.488456 0.295177 0.027855 0.103847
4 0.445544 0.276433 0.036783 0.080016
0 0.052561 0.646400 0.105122 0.286898
2 0.828430 0.258600 0.080152 0.095001
4 0.643722 0.273093 0.025810 0.094838
4 0.606428 0.338856 0.043923 0.127461
4 0.607776 0.245413 0.027976 0.076312
4 0.468537 0.275475 0.022288 0.086007
1 0.654373 0.291833 0.047521 0.091008
5 0.736574 0.492049 0.008034 0.013021
4 0.451030 0.209037 0.024388 0.036279
5 0.912258 0.410765 0.023852 0.018083
7 0.828430 0.258600 0.080152 0.076001
