2 0.706652 0.299806 0.064196 0.088715
4 0.108810 0.524891 0.053642 0.127571
6 0.542344 0.271288 0.022989 0.087437
4 0.632770 0.553532 0.052371 0.116616
3 0.655014 0.301668 0.026442 0.082130
4 0.323710 0.560267 0.061763 0.135779
4 0.514571 0.351582 0.032972 0.087660
4 0.670261 0.347837 0.035436 0.082403
4 0.629752 0.407937 0.033224 0.112593
4 0.227743 0.318143 0.042163 0.073723
4 0.603495 0.330198 0.033753 0.081982
4 0.414571 0.370357 0.037016 0.082134
4 0.276277 0.318282 0.040274 0.074755
6 0.010819 0.881426 0.021637 0.234060
4 0.337128 0.897257 0.056851 0.199137
4 0.263988 0.905008 0.120749 0.159043