4 0.957968 0.471238 0.084064 0.233250
4 0.376410 0.355279 0.030791 0.108748
4 0.460967 0.337064 0.025913 0.095968
5 0.435356 0.680024 0.009883 0.015501
5 0.864310 0.671866 0.012672 0.016245
2 0.179026 0.243387 0.358051 0.486081
4 0.599968 0.338039 0.022388 0.093532
4 0.536215 0.394326 0.038574 0.157841
5 0.378729 0.663555 0.011239 0.014511
4 0.285838 0.339400 0.027537 0.097763
5 0.342218 0.745705 0.008982 0.011996
3 0.246641 0.070386 0.081616 0.096190
5 0.690105 0.977503 0.016662 0.016836
4 0.360737 0.337890 0.037745 0.102653
7 0.179026 0.243387 0.358051 0.388865
