4 0.216921 0.439915 0.041132 0.149854
4 0.938445 0.449338 0.050350 0.154423
4 0.448228 0.373161 0.023557 0.088366
2 0.241265 0.292898 0.482529 0.585640
4 0.480986 0.366660 0.025888 0.087702
4 0.543839 0.409927 0.035597 0.094591
6 0.184881 0.386025 0.027499 0.136145
5 0.551768 0.711971 0.010233 0.014501
5 0.246057 0.507700 0.008718 0.013340
3 0.357349 0.378414 0.053405 0.089598
3 0.378055 0.122671 0.075683 0.086465
4 0.372738 0.400987 0.024257 0.104826
4 0.273687 0.406400 0.043993 0.134164
3 0.386211 0.148378 0.093969 0.141810
7 0.241265 0.292898 0.482529 0.468512
