4 0.298962 0.509279 0.061098 0.166342
4 0.201438 0.405807 0.039651 0.078732
4 0.400832 0.413081 0.031017 0.087887
4 0.240995 0.397715 0.028512 0.087600
4 0.704906 0.438227 0.038335 0.134479
4 0.326687 0.449184 0.038580 0.118569
4 0.271704 0.401777 0.029576 0.094407
3 0.121136 0.153132 0.072957 0.079442
3 0.127172 0.392329 0.041400 0.077397
2 0.107364 0.274534 0.214728 0.549068
2 0.124061 0.385289 0.066281 0.072376
5 0.303850 0.664539 0.008104 0.013850
4 0.942056 0.740025 0.114904 0.509309
5 0.223455 0.728104 0.007594 0.010404
5 0.118351 0.545901 0.010278 0.017135
2 0.277623 0.175221 0.541051 0.350442
2 0.110986 0.225234 0.221692 0.388271
7 0.107364 0.274534 0.214728 0.439254
