4 0.533385 0.488804 0.037220 0.104464
4 0.381650 0.458056 0.032772 0.088490
6 0.116730 0.646500 0.086011 0.319365
4 0.594880 0.452229 0.027611 0.074978
4 0.425044 0.436126 0.018048 0.060280
4 0.454095 0.451388 0.026028 0.057835
4 0.478379 0.456256 0.031065 0.057345
4 0.328273 0.457150 0.026788 0.077324
5 0.386187 0.760273 0.008248 0.012338
2 0.156254 0.272671 0.311749 0.545343
3 0.280464 0.447454 0.032476 0.070021
5 0.333867 0.745077 0.010661 0.013047
3 0.209299 0.207239 0.077101 0.084336
5 0.585100 0.928193 0.012920 0.023672
5 0.318850 0.626482 0.010312 0.015297
3 0.237187 0.074908 0.080229 0.145840
7 0.156254 0.272671 0.311749 0.436274
