4 0.304211 0.505702 0.030103 0.102940
4 0.199944 0.439474 0.032528 0.071844
4 0.688550 0.534542 0.026784 0.109465
4 0.259307 0.450809 0.028110 0.086412
4 0.433548 0.429724 0.023813 0.070080
4 0.654143 0.444153 0.014583 0.052442
2 0.348482 0.409663 0.055575 0.065578
4 0.470197 0.394384 0.015816 0.049783
4 0.522157 0.407080 0.013489 0.047233
4 0.757034 0.475765 0.016544 0.070209
0 0.910892 0.765437 0.178034 0.249991
3 0.364373 0.405115 0.018369 0.066623
4 0.329867 0.408000 0.019478 0.066886
4 0.146033 0.628308 0.068970 0.147544
2 0.225842 0.103921 0.451684 0.207842
7 0.348482 0.409663 0.055575 0.052462
