4 0.537686 0.558909 0.051953 0.173073
4 0.637947 0.390163 0.026463 0.082080
4 0.465630 0.375812 0.027984 0.074429
2 0.725514 0.343429 0.059777 0.071606
4 0.643525 0.355360 0.029356 0.078604
4 0.329439 0.396593 0.023652 0.075720
4 0.536344 0.358216 0.020971 0.072855
4 0.523679 0.330299 0.018522 0.058601
4 0.673565 0.352881 0.026471 0.076619
4 0.450754 0.373380 0.024950 0.073365
0 0.073783 0.727153 0.147153 0.253558
5 0.105032 0.532738 0.026957 0.023940
3 0.673531 0.352838 0.026448 0.077215
7 0.725514 0.343429 0.059777 0.057285
