6 0.437527 0.348840 0.028051 0.081116
4 0.661641 0.373838 0.044735 0.090444
4 0.268431 0.500350 0.040717 0.131536
4 0.598641 0.366222 0.028862 0.072694
4 0.511657 0.383186 0.024953 0.094714
2 0.714410 0.339546 0.082893 0.068497
4 0.280423 0.390781 0.022297 0.073812
1 0.073644 0.717706 0.147072 0.260504
4 0.550366 0.329401 0.016655 0.069939
4 0.340873 0.379767 0.018037 0.083253
6 0.340791 0.379644 0.017130 0.082178
0 0.728603 0.471754 0.168221 0.067832
4 0.499281 0.347671 0.020864 0.074539
6 0.627788 0.319744 0.020841 0.069893
6 0.630716 0.340293 0.025154 0.110471
7 0.714410 0.339546 0.082893 0.054798
