4 0.575284 0.533936 0.045397 0.148151
4 0.417638 0.468708 0.041444 0.114509
4 0.766445 0.421397 0.041570 0.067737
4 0.716145 0.446052 0.039272 0.086695
4 0.728271 0.387461 0.023990 0.072430
4 0.243404 0.437022 0.024849 0.066369
0 0.211495 0.566783 0.331914 0.184341
3 0.829749 0.369807 0.023896 0.059551
4 0.142169 0.478471 0.023233 0.095323
4 0.035068 0.568804 0.049279 0.072030
2 0.843044 0.371365 0.047309 0.058059
4 0.428051 0.418128 0.034716 0.086162
6 0.080667 0.431193 0.014456 0.090274
6 0.081063 0.443241 0.013817 0.066406
4 0.964297 0.607801 0.070856 0.108508
1 0.212059 0.568518 0.331911 0.182849
1 0.459081 0.746485 0.182162 0.209046
5 0.204226 0.065234 0.009841 0.012238
5 0.889673 0.943803 0.012896 0.019423
5 0.112875 0.145939 0.009090 0.011422
7 0.843044 0.371365 0.047309 0.046447
