2 0.344023 0.414995 0.049738 0.055849
6 0.194037 0.392461 0.015240 0.069383
4 0.342557 0.522302 0.040400 0.116180
4 0.219911 0.413709 0.023741 0.057223
4 0.727232 0.502610 0.024388 0.080777
4 0.431804 0.418670 0.017406 0.058517
4 0.413225 0.461703 0.031891 0.093640
4 0.278663 0.432873 0.022329 0.074098
0 0.910935 0.765332 0.177838 0.261771
4 0.460038 0.436831 0.034225 0.063097
4 0.343229 0.420834 0.024571 0.053458
3 0.343473 0.420756 0.024881 0.054482
6 0.278513 0.432714 0.022649 0.074077
7 0.344023 0.414995 0.049738 0.044679
