4 0.157725 0.686149 0.044307 0.174967
4 0.793687 0.479365 0.035276 0.107147
1 0.143431 0.623114 0.284544 0.199883
2 0.699440 0.362539 0.042962 0.051811
4 0.529967 0.414645 0.019211 0.082846
4 0.645987 0.377054 0.015589 0.060456
4 0.202057 0.508741 0.029372 0.098393
4 0.394168 0.413498 0.019640 0.070163
5 0.095267 0.151825 0.010181 0.012035
5 0.079689 0.326576 0.012688 0.015357
3 0.699379 0.361218 0.016278 0.052075
4 0.364065 0.407732 0.019452 0.072335
4 0.712792 0.363865 0.018151 0.047658
7 0.699440 0.362539 0.042962 0.041449
