4 0.563639 0.544877 0.042899 0.131417
6 0.242009 0.359225 0.026869 0.081086
4 0.816009 0.735853 0.056161 0.210324
4 0.476306 0.485259 0.039187 0.107722
2 0.357054 0.362183 0.051621 0.067582
4 0.221831 0.569517 0.054825 0.179921
4 0.756787 0.484235 0.029561 0.089968
4 0.430063 0.382145 0.020223 0.081037
4 0.547825 0.450735 0.029817 0.098846
4 0.376015 0.419242 0.048985 0.090837
4 0.567640 0.403579 0.019329 0.071819
4 0.362049 0.373800 0.032826 0.069770
0 0.921153 0.720996 0.157333 0.250997
6 0.114184 0.743228 0.212130 0.507852
5 0.300091 0.638231 0.012125 0.020478
7 0.357054 0.362183 0.051621 0.054066
