6 0.381366 0.660700 0.046253 0.201698
4 0.668711 0.517467 0.033473 0.114323
4 0.433933 0.540484 0.033899 0.118829
4 0.399796 0.457715 0.020658 0.061222
4 0.593004 0.426690 0.019601 0.055289
6 0.724051 0.405461 0.013847 0.056314
4 0.364894 0.459985 0.042924 0.063688
2 0.865401 0.447779 0.048174 0.066807
4 0.798709 0.456872 0.019026 0.077814
6 0.474495 0.480404 0.031749 0.081868
4 0.648186 0.427255 0.020887 0.051949
4 0.825224 0.442201 0.017118 0.062223
1 0.175311 0.685506 0.350623 0.207444
5 0.049605 0.216579 0.008438 0.012496
7 0.865401 0.447779 0.048174 0.053446
