4 0.596459 0.433789 0.029866 0.097827
4 0.499106 0.777427 0.078723 0.264683
4 0.518402 0.616877 0.049958 0.185115
6 0.497229 0.390022 0.014846 0.074530
4 0.537656 0.471862 0.035786 0.097004
4 0.469211 0.436286 0.026531 0.091537
4 0.801496 0.400746 0.022502 0.084091
4 0.572009 0.701296 0.060127 0.227712
2 0.659249 0.384176 0.059786 0.057159
4 0.641036 0.409618 0.034160 0.035373
5 0.013889 0.334333 0.015102 0.016897
4 0.753594 0.403123 0.048392 0.087773
4 0.743038 0.403182 0.027409 0.086551
2 0.658221 0.399073 0.062683 0.034529
4 0.764322 0.381304 0.070089 0.048819
7 0.659249 0.384176 0.059786 0.045727
