4 0.391849 0.615525 0.070417 0.137206
6 0.289831 0.668652 0.057576 0.239015
4 0.446649 0.497039 0.031001 0.099991
2 0.331821 0.413412 0.047362 0.060662
4 0.191820 0.472524 0.031210 0.082978
6 0.496516 0.392370 0.014312 0.053091
4 0.380980 0.428879 0.022183 0.059833
4 0.831491 0.522239 0.023211 0.069062
4 0.453143 0.411653 0.017328 0.044535
4 0.438629 0.419576 0.017914 0.070168
4 0.343853 0.423674 0.022184 0.060132
4 0.419193 0.397674 0.017874 0.062412
4 0.595133 0.433796 0.015701 0.056572
4 0.073914 0.772531 0.137914 0.443682
6 0.182271 0.789912 0.177150 0.400428
3 0.336505 0.412066 0.022069 0.055348
2 0.733783 0.058221 0.532433 0.116442
6 0.167321 0.817279 0.247626 0.348775
0 0.898941 0.751034 0.200803 0.243517
7 0.331821 0.413412 0.047362 0.048530
