4 0.538266 0.578397 0.076507 0.225462
4 0.168091 0.381471 0.029881 0.112108
4 0.778806 0.381058 0.024058 0.103242
4 0.409115 0.293395 0.030017 0.062971
2 0.170454 0.289584 0.081044 0.079277
4 0.355066 0.271568 0.023759 0.060615
4 0.618046 0.311530 0.025827 0.072462
4 0.377007 0.327851 0.030594 0.108973
4 0.214555 0.282824 0.025971 0.088611
4 0.014743 0.301490 0.026907 0.062587
1 0.866048 0.611018 0.267905 0.244033
0 0.866699 0.612360 0.266602 0.246771
5 0.829639 0.121936 0.012383 0.016566
7 0.170454 0.289584 0.081044 0.063422
