4 0.853525 0.586969 0.048457 0.127935
4 0.047032 0.900529 0.063979 0.192962
4 0.621587 0.611260 0.042115 0.159326
4 0.668797 0.546749 0.064273 0.099543
6 0.624133 0.907622 0.063031 0.183608
2 0.754897 0.456696 0.049183 0.060997
4 0.961722 0.529371 0.030946 0.094554
6 0.607247 0.425032 0.013663 0.056692
4 0.342516 0.597277 0.039369 0.116551
4 0.293335 0.568924 0.035582 0.092037
4 0.693117 0.466076 0.023265 0.069051
4 0.652744 0.501346 0.029070 0.062789
5 0.040090 0.202449 0.010335 0.011981
5 0.103955 0.359570 0.013238 0.015735
5 0.022251 0.407732 0.014137 0.016565
3 0.752049 0.455730 0.023616 0.061373
5 0.023301 0.156999 0.010107 0.014108
2 0.992154 0.535999 0.015692 0.140758
7 0.754897 0.456696 0.049183 0.048798
