6 0.474013 0.708579 0.075380 0.262047
4 0.470456 0.470751 0.038549 0.076588
6 0.509389 0.363534 0.015318 0.054320
4 0.540789 0.443901 0.027276 0.088039
4 0.607862 0.436407 0.040532 0.080416
4 0.631817 0.394144 0.021479 0.084798
4 0.208446 0.459023 0.019129 0.066240
4 0.367452 0.440888 0.036369 0.074347
4 0.460417 0.381943 0.018924 0.039998
2 0.666923 0.382406 0.034398 0.053762
4 0.325126 0.415773 0.016640 0.057098
4 0.439396 0.385267 0.061516 0.043114
5 0.157510 0.544523 0.024790 0.022051
4 0.231568 0.499311 0.021056 0.065890
6 0.231888 0.498561 0.020500 0.065035
7 0.666923 0.382406 0.034398 0.043010
