6 0.451838 0.637031 0.067599 0.294999
6 0.388068 0.270730 0.013079 0.067730
0 0.922571 0.695633 0.154241 0.276863
4 0.784979 0.419285 0.029243 0.107361
4 0.446587 0.385621 0.033833 0.122370
4 0.438105 0.311378 0.027201 0.082666
4 0.358707 0.293637 0.017831 0.078862
4 0.340943 0.296058 0.016191 0.078117
4 0.322424 0.299214 0.027769 0.095690
2 0.267631 0.296211 0.068651 0.077293
4 0.055212 0.577955 0.080949 0.236165
4 0.054338 0.652739 0.083935 0.385819
6 0.064779 0.743819 0.128534 0.511131
7 0.267631 0.296211 0.068651 0.061834
