4 0.268920 0.584891 0.056801 0.167112
4 0.542931 0.656228 0.045305 0.204309
4 0.219383 0.478181 0.035094 0.104972
6 0.130034 0.380630 0.016884 0.072033
4 0.460371 0.455995 0.033184 0.095981
4 0.724097 0.473017 0.035870 0.069077
4 0.274435 0.419763 0.030383 0.093127
4 0.698223 0.500081 0.033753 0.080710
4 0.170996 0.423018 0.028958 0.075157
4 0.365118 0.413488 0.020951 0.066820
2 0.329734 0.381973 0.045479 0.059183
6 0.136758 0.795186 0.128441 0.395103
3 0.330964 0.384946 0.022840 0.053211
1 0.892468 0.705625 0.214299 0.240442
2 0.334112 0.387867 0.052961 0.072836
5 0.996307 0.180483 0.007387 0.012878
7 0.329734 0.381973 0.045479 0.047346
