2 0.696383 0.407478 0.050362 0.056440
4 0.511872 0.467503 0.033633 0.080240
4 0.546731 0.439494 0.025296 0.087407
6 0.525106 0.385179 0.013937 0.056356
4 0.580458 0.461528 0.026866 0.078108
4 0.625971 0.394590 0.020322 0.049150
4 0.306261 0.511235 0.035642 0.094451
6 0.391842 0.866430 0.068492 0.262757
4 0.883024 0.419502 0.025197 0.052051
4 0.783175 0.416248 0.028545 0.061214
4 0.766261 0.444495 0.028627 0.072169
6 0.894822 0.410945 0.012845 0.055148
3 0.699981 0.405828 0.022252 0.058442
5 0.057004 0.339100 0.015307 0.017779
4 0.011136 0.529531 0.022273 0.270979
6 0.427422 0.868035 0.137875 0.260096
6 0.947243 0.701499 0.105419 0.584084
7 0.696383 0.407478 0.050362 0.045152
