4 0.693731 0.605654 0.065916 0.181341
6 0.979245 0.383861 0.029881 0.081635
6 0.067950 0.481251 0.021408 0.080347
2 0.740344 0.363641 0.053973 0.067296
4 0.314384 0.463995 0.035045 0.078966
4 0.769933 0.443766 0.028185 0.104658
4 0.519550 0.444102 0.033531 0.100485
4 0.907702 0.431519 0.038702 0.091762
4 0.596843 0.412563 0.028947 0.081406
4 0.678199 0.422058 0.036597 0.087529
3 0.739412 0.363922 0.025943 0.070344
1 0.105413 0.695678 0.210330 0.241481
4 0.687554 0.389613 0.020609 0.071281
5 0.038903 0.273707 0.014777 0.016860
7 0.740344 0.363641 0.053973 0.053837
