4 0.150514 0.420123 0.054791 0.137721
2 0.057178 0.300743 0.052720 0.074931
4 0.535113 0.284729 0.031430 0.071640
4 0.603324 0.372243 0.041166 0.109409
4 0.352969 0.262416 0.032331 0.071641
4 0.414086 0.292183 0.033290 0.080026
0 0.803099 0.536106 0.392283 0.226161
4 0.179340 0.303687 0.025329 0.077427
4 0.395321 0.261369 0.017846 0.058971
3 0.093765 0.289623 0.021364 0.073473
1 0.805314 0.535083 0.389371 0.225652
4 0.630544 0.288073 0.020286 0.074289
6 0.422485 0.260450 0.025276 0.063103
5 0.334029 0.284542 0.007303 0.011533
4 0.094201 0.290105 0.022015 0.073023
4 0.422890 0.260440 0.024422 0.064063
7 0.057178 0.300743 0.052720 0.059945
