4 0.653406 0.646531 0.064887 0.167606
4 0.501856 0.547638 0.054912 0.136690
6 0.564722 0.361033 0.016730 0.064478
4 0.437399 0.366047 0.025934 0.074287
2 0.385008 0.360678 0.051150 0.064881
4 0.313108 0.382043 0.030002 0.073604
4 0.498711 0.421744 0.031096 0.092741
4 0.263591 0.339019 0.022292 0.059377
4 0.390206 0.380222 0.030612 0.072389
4 0.334235 0.367180 0.027999 0.063696
4 0.614723 0.390705 0.026818 0.064142
5 0.411566 0.415665 0.007801 0.012909
4 0.359913 0.811057 0.117240 0.288368
0 0.948460 0.758729 0.103079 0.253852
5 0.319053 0.657063 0.011525 0.017999
4 0.518577 0.915639 0.069565 0.166990
7 0.385008 0.360678 0.051150 0.051905
