6 0.210610 0.847395 0.078363 0.301612
4 0.554032 0.569139 0.040845 0.165234
4 0.412608 0.521980 0.032699 0.127399
2 0.627033 0.390633 0.051472 0.061082
4 0.448641 0.413146 0.022901 0.057456
6 0.434293 0.380145 0.013766 0.056826
4 0.546781 0.407653 0.023497 0.060112
4 0.561913 0.399206 0.018344 0.072596
5 0.189613 0.518719 0.012621 0.021751
4 0.430645 0.415055 0.021778 0.057690
4 0.592757 0.403583 0.023355 0.064503
4 0.927558 0.707434 0.144884 0.578335
4 0.947495 0.716981 0.104951 0.559015
4 0.590135 0.394264 0.027650 0.081241
6 0.561510 0.399175 0.018863 0.071308
3 0.586254 0.393703 0.021044 0.080943
7 0.627033 0.390633 0.051472 0.048866
