6 0.491531 0.354875 0.013431 0.054260
4 0.570888 0.600922 0.054313 0.157130
4 0.578118 0.387395 0.022523 0.058412
6 0.605161 0.650398 0.059838 0.237742
2 0.659639 0.374382 0.050819 0.055134
4 0.419954 0.387194 0.019599 0.051621
4 0.268087 0.452700 0.025391 0.071883
4 0.542177 0.449513 0.051549 0.073258
4 0.461206 0.385192 0.018802 0.058580
4 0.550638 0.391624 0.020383 0.058241
4 0.330073 0.447969 0.026104 0.066837
4 0.655140 0.383901 0.026130 0.061695
4 0.977851 0.741194 0.044298 0.517611
5 0.045038 0.319400 0.014443 0.015959
4 0.649616 0.384157 0.036978 0.064955
5 0.168566 0.527732 0.022640 0.021575
6 0.888506 0.697647 0.118961 0.477384
7 0.659639 0.374382 0.050819 0.044107
