0 0.918201 0.717896 0.161497 0.269089
4 0.140000 0.358246 0.029371 0.071284
2 0.341560 0.346386 0.049256 0.062857
4 0.189051 0.449506 0.037507 0.101463
4 0.554473 0.479229 0.035521 0.123013
6 0.576771 0.344825 0.014572 0.062510
4 0.647803 0.441712 0.027610 0.089494
4 0.974153 0.629897 0.034044 0.133501
4 0.433125 0.371141 0.024893 0.102970
3 0.332359 0.347334 0.019872 0.061335
3 0.328149 0.347251 0.027088 0.061242
4 0.099119 0.837067 0.194320 0.316979
5 0.868824 0.522783 0.021004 0.017811
4 0.047042 0.716703 0.092470 0.565183
7 0.341560 0.346386 0.049256 0.050286
