4 0.510268 0.557417 0.050298 0.158788
4 0.296736 0.529402 0.055112 0.164782
6 0.197711 0.392303 0.030528 0.101303
2 0.369988 0.372741 0.053558 0.060347
4 0.650875 0.452134 0.034257 0.081234
4 0.423324 0.422738 0.023689 0.088955
4 0.459312 0.403678 0.032784 0.071329
4 0.412174 0.381958 0.035003 0.074384
0 0.932990 0.751346 0.134020 0.262446
3 0.377874 0.380445 0.029246 0.057638
4 0.325307 0.370660 0.022712 0.066684
6 0.325097 0.370966 0.023004 0.066602
4 0.082920 0.800623 0.115247 0.388093
4 0.631363 0.039206 0.217512 0.078413
7 0.369988 0.372741 0.053558 0.048278
