6 0.218888 0.399735 0.018732 0.083911
4 0.303195 0.477408 0.034051 0.116854
4 0.483012 0.434271 0.023921 0.068543
4 0.702170 0.464240 0.024489 0.073268
2 0.357316 0.397502 0.062998 0.060550
0 0.915635 0.758636 0.168731 0.243165
4 0.515205 0.424539 0.021184 0.068052
4 0.425069 0.408837 0.022052 0.066062
4 0.499973 0.418572 0.017282 0.061384
4 0.409356 0.407766 0.024056 0.067748
3 0.375895 0.404362 0.022749 0.051926
6 0.992006 0.538594 0.015901 0.128622
5 0.292185 0.678700 0.010439 0.016160
7 0.357316 0.397502 0.062998 0.048440
