6 0.354438 0.742458 0.076822 0.283345
4 0.550579 0.512428 0.026650 0.099655
6 0.597461 0.443412 0.020283 0.056788
2 0.332292 0.411601 0.049681 0.058673
4 0.412972 0.417920 0.023330 0.070573
4 0.406894 0.456402 0.026787 0.089042
4 0.457924 0.405017 0.015193 0.043461
0 0.897671 0.745514 0.203656 0.240607
4 0.371604 0.437490 0.026699 0.063670
4 0.345371 0.411299 0.024661 0.061474
5 0.965541 0.161487 0.007441 0.012147
5 0.279380 0.679951 0.012720 0.019269
2 0.349639 0.409388 0.082824 0.052896
5 0.826474 0.568924 0.020572 0.019247
2 0.213036 0.105502 0.425696 0.211004
4 0.430903 0.395455 0.022909 0.063638
7 0.332292 0.411601 0.049681 0.046938
