4 0.568905 0.578262 0.041187 0.155933
4 0.709362 0.379714 0.022307 0.057083
4 0.691942 0.409051 0.022718 0.076541
4 0.507476 0.419782 0.024524 0.081851
6 0.821529 0.546730 0.040227 0.141789
4 0.475953 0.393439 0.017870 0.062975
4 0.721948 0.364710 0.017250 0.052492
2 0.707970 0.365906 0.043146 0.054677
5 0.611836 0.636399 0.011559 0.016108
6 0.081771 0.492388 0.020156 0.074568
5 0.121634 0.147102 0.010398 0.011457
4 0.401859 0.413235 0.024546 0.067935
4 0.963554 0.712326 0.072893 0.569367
5 0.043049 0.229142 0.008304 0.012669
4 0.219937 0.456676 0.021640 0.072282
5 0.837089 0.432566 0.008615 0.014219
6 0.721007 0.676338 0.029556 0.403703
7 0.707970 0.365906 0.043146 0.043742
