4 0.782276 0.541343 0.052369 0.139120
4 0.358164 0.460418 0.041205 0.143862
4 0.412712 0.650506 0.075570 0.212789
6 0.089261 0.344588 0.024928 0.097526
4 0.075291 0.427466 0.043372 0.118887
4 0.277472 0.521918 0.044622 0.151250
0 0.939249 0.744669 0.120520 0.258386
4 0.258290 0.365123 0.030257 0.086562
4 0.300916 0.378824 0.035188 0.089764
4 0.882890 0.542192 0.039643 0.129805
2 0.300132 0.346347 0.056278 0.089949
4 0.312450 0.360931 0.034362 0.077735
5 0.334132 0.715319 0.010129 0.016214
5 0.231638 0.676496 0.012103 0.019692
4 0.292419 0.338801 0.025110 0.079637
5 0.690239 0.986140 0.014797 0.022393
4 0.099383 0.632994 0.054970 0.136008
5 0.990764 0.241209 0.013776 0.015736
6 0.085621 0.822480 0.165085 0.351660
5 0.331749 0.716205 0.013819 0.018451
7 0.300132 0.346347 0.056278 0.071959
