4 0.524641 0.534058 0.038810 0.116223
6 0.238809 0.393092 0.019202 0.079533
0 0.915595 0.757507 0.168810 0.247078
2 0.361171 0.398246 0.074277 0.061800
4 0.544175 0.402944 0.017376 0.053847
4 0.666204 0.439515 0.016517 0.050159
4 0.480089 0.410865 0.022473 0.066704
4 0.445075 0.405391 0.017738 0.062997
4 0.460461 0.393526 0.016421 0.064083
3 0.387970 0.397413 0.021179 0.068307
4 0.460353 0.423003 0.032945 0.081529
4 0.453815 0.420080 0.025719 0.081618
5 0.291816 0.679487 0.009123 0.015620
3 0.590062 0.051991 0.213767 0.103982
2 0.728493 0.048633 0.534363 0.097266
4 0.593561 0.411946 0.026313 0.056605
7 0.361171 0.398246 0.074277 0.049440
