4 0.858899 0.451342 0.039592 0.081301
6 0.290817 0.408910 0.016240 0.065687
4 0.443251 0.526008 0.034463 0.130543
4 0.545232 0.379272 0.023466 0.051611
4 0.273488 0.475211 0.029521 0.088617
2 0.681121 0.372366 0.053275 0.057313
4 0.464141 0.377657 0.022631 0.050602
4 0.639589 0.379566 0.020520 0.060577
4 0.499763 0.394031 0.027248 0.085197
4 0.498016 0.377349 0.030088 0.052911
5 0.617486 0.389905 0.007931 0.012466
5 0.057652 0.310659 0.013726 0.016216
4 0.928614 0.638655 0.142366 0.718707
5 0.105485 0.115929 0.007840 0.010927
4 0.011970 0.494951 0.023940 0.280604
5 0.182685 0.522728 0.023803 0.020846
7 0.681121 0.372366 0.053275 0.045850
