4 0.123467 0.733149 0.052003 0.210015
6 0.517884 0.374912 0.015889 0.073623
4 0.691756 0.434516 0.026247 0.098174
4 0.567369 0.414185 0.021296 0.092545
4 0.652889 0.490685 0.029107 0.133374
4 0.586429 0.395366 0.023489 0.082183
4 0.540164 0.388561 0.016923 0.069552
4 0.623281 0.387767 0.020526 0.078584
2 0.625401 0.377048 0.043814 0.059747
4 0.562139 0.381553 0.015675 0.073055
4 0.684827 0.372018 0.017845 0.057398
4 0.986469 0.779460 0.026751 0.441080
4 0.952089 0.739955 0.095821 0.513505
7 0.625401 0.377048 0.043814 0.047798
