4 0.399005 0.542736 0.034034 0.107061
4 0.285693 0.497846 0.027252 0.076064
2 0.654658 0.412719 0.049899 0.056203
4 0.586074 0.446862 0.027168 0.065728
6 0.031125 0.599107 0.023787 0.098187
4 0.372123 0.450991 0.028848 0.058593
4 0.614791 0.422280 0.020549 0.068624
4 0.573464 0.418742 0.019486 0.052131
4 0.537679 0.396462 0.017014 0.052959
4 0.479850 0.440610 0.026402 0.047600
4 0.516964 0.407226 0.018050 0.050196
4 0.500139 0.448902 0.021452 0.056501
5 0.360608 0.499857 0.010064 0.018008
4 0.891377 0.704787 0.078415 0.408638
5 0.013094 0.367092 0.015130 0.016964
4 0.924614 0.606117 0.150772 0.784846
6 0.873048 0.763238 0.128704 0.432346
4 0.820065 0.639599 0.032613 0.055690
7 0.654658 0.412719 0.049899 0.044962
