4 0.798486 0.587968 0.056119 0.132317
1 0.842584 0.640017 0.314831 0.218256
4 0.586334 0.515718 0.045317 0.119052
6 0.930086 0.489924 0.020529 0.086411
4 0.530566 0.452841 0.047835 0.075790
4 0.422286 0.368618 0.024482 0.056483
4 0.119721 0.442362 0.029641 0.090910
4 0.582078 0.404559 0.028202 0.057351
2 0.187609 0.369361 0.050110 0.063683
4 0.618404 0.393157 0.023802 0.059877
4 0.756079 0.425422 0.017183 0.074568
4 0.497133 0.360059 0.018351 0.068333
3 0.219787 0.363912 0.023832 0.067793
5 0.548620 0.394215 0.007449 0.011582
4 0.220448 0.364132 0.023692 0.068366
4 0.522059 0.364084 0.017355 0.053884
5 0.911744 0.286523 0.016257 0.020446
4 0.032175 0.731564 0.062043 0.271061
4 0.013887 0.644644 0.027687 0.160803
7 0.187609 0.369361 0.050110 0.050946
