4 0.387150 0.740844 0.089876 0.186922
4 0.463276 0.421143 0.038029 0.067420
4 0.717119 0.566785 0.068866 0.132388
4 0.407603 0.510924 0.050181 0.096044
6 0.303401 0.400855 0.018420 0.067486
4 0.545478 0.437688 0.029780 0.081343
4 0.626269 0.482022 0.044657 0.120508
4 0.369634 0.455896 0.036816 0.071805
4 0.148602 0.460792 0.021120 0.060923
2 0.693710 0.369256 0.051535 0.054082
5 0.318599 0.512253 0.009984 0.017387
4 0.678422 0.368817 0.021140 0.060740
5 0.040848 0.151426 0.009606 0.012588
5 0.100355 0.294653 0.014182 0.018486
5 0.025002 0.111329 0.010846 0.014796
5 0.218381 0.498585 0.022374 0.018614
4 0.941007 0.760362 0.117985 0.471244
7 0.693710 0.369256 0.051535 0.043266
