2 0.162740 0.376299 0.072019 0.094292
4 0.691728 0.559002 0.043385 0.133401
4 0.433103 0.445019 0.043570 0.120551
4 0.382058 0.354859 0.025146 0.091444
4 0.405379 0.364560 0.028008 0.077949
4 0.715430 0.395693 0.030190 0.068460
4 0.503894 0.376104 0.023372 0.097445
4 0.283326 0.392366 0.026823 0.111866
4 0.469708 0.370479 0.025587 0.087624
4 0.489179 0.340059 0.023310 0.083396
3 0.237211 0.381545 0.038375 0.077639
4 0.759154 0.387463 0.031466 0.067403
4 0.236940 0.381583 0.038340 0.078066
5 0.412711 0.973680 0.016866 0.024420
5 0.336426 0.652995 0.009828 0.015468
2 0.255533 0.156020 0.484531 0.310002
3 0.267900 0.029528 0.041783 0.059056