4 0.328788 0.370409 0.048873 0.124241
4 0.734021 0.345967 0.041840 0.122145
6 0.142493 0.847172 0.071602 0.301819
2 0.851689 0.297694 0.088071 0.122772
4 0.735221 0.584415 0.082444 0.180398
4 0.624857 0.376612 0.041557 0.134234
6 0.696626 0.233592 0.025589 0.110064
4 0.690158 0.304446 0.043128 0.109734
4 0.581394 0.284575 0.035545 0.118993
5 0.846645 0.646559 0.010103 0.015192
4 0.809984 0.386976 0.056442 0.160279
4 0.807418 0.401374 0.047564 0.124451
4 0.627708 0.593839 0.129104 0.200517
4 0.817599 0.345022 0.054441 0.140961
4 0.813761 0.366212 0.062963 0.183994
2 0.319416 0.382306 0.638832 0.764611
5 0.309728 0.817242 0.012629 0.021273
3 0.846602 0.305100 0.032588 0.108795
7 0.851689 0.297694 0.088071 0.098218
