2 0.284802 0.319675 0.061267 0.082354
6 0.628251 0.720911 0.049865 0.198815
4 0.501964 0.446581 0.035524 0.087092
6 0.396368 0.283104 0.023839 0.086968
4 0.370820 0.445794 0.035785 0.100166
4 0.901840 0.481306 0.041512 0.122803
4 0.453522 0.350801 0.029534 0.083160
4 0.111714 0.361547 0.034406 0.095553
4 0.321343 0.341634 0.022390 0.089642
4 0.635815 0.339667 0.025943 0.080483
4 0.219089 0.383132 0.029218 0.102560
3 0.289441 0.324972 0.031147 0.085716
5 0.088363 0.258955 0.009487 0.012985
5 0.829385 0.519303 0.007476 0.013660
7 0.284802 0.319675 0.061267 0.065883
