4 0.483819 0.524159 0.038344 0.127248
2 0.779414 0.319623 0.043466 0.061719
4 0.170288 0.486862 0.030935 0.091938
6 0.860927 0.514566 0.039918 0.121805
4 0.593091 0.543295 0.033020 0.140561
4 0.546459 0.423564 0.026495 0.072282
4 0.309604 0.376702 0.020500 0.073887
4 0.728127 0.360221 0.023662 0.060678
4 0.860942 0.438452 0.035752 0.089611
3 0.775938 0.317661 0.022079 0.063072
5 0.871365 0.356848 0.008875 0.012160
4 0.526398 0.393264 0.024908 0.088652
4 0.942577 0.817499 0.114845 0.358799
4 0.527786 0.379310 0.025592 0.106114
7 0.779414 0.319623 0.043466 0.049375
