4 0.515860 0.439355 0.020988 0.053668
4 0.669156 0.477366 0.019906 0.057946
4 0.155602 0.485713 0.021099 0.067180
3 0.724434 0.449325 0.019818 0.054338
4 0.700123 0.520138 0.027012 0.071107
4 0.562456 0.492940 0.017539 0.071161
4 0.246287 0.487415 0.019628 0.058686
4 0.631750 0.455105 0.017160 0.069640
6 0.607035 0.412560 0.014420 0.048741
2 0.742308 0.446770 0.055467 0.061237
4 0.608104 0.451677 0.018276 0.052047
4 0.108567 0.507298 0.026470 0.092729
4 0.535142 0.463870 0.017893 0.067753
7 0.742308 0.446770 0.055467 0.048990
