2 0.688013 0.316620 0.064556 0.075509
4 0.911458 0.505871 0.046810 0.144962
4 0.493102 0.378179 0.032368 0.116341
4 0.208319 0.378529 0.030188 0.100054
6 0.811142 0.321275 0.026340 0.099148
4 0.560717 0.390583 0.034561 0.121581
4 0.620303 0.365765 0.027542 0.103260
3 0.691034 0.321848 0.039219 0.069932
4 0.900405 0.429117 0.037603 0.121358
4 0.927527 0.330976 0.037369 0.088336
4 0.972488 0.371827 0.055025 0.050349
5 0.848621 0.338200 0.006886 0.011555
4 0.972163 0.360879 0.055431 0.073030
5 0.145845 0.249085 0.010493 0.015929
4 0.972452 0.339311 0.055097 0.112906