2 0.236235 0.261831 0.111429 0.147448
4 0.942796 0.247161 0.060242 0.136114
6 0.150089 0.281230 0.048659 0.170910
4 0.652023 0.385259 0.047087 0.202973
4 0.747982 0.489049 0.058229 0.259601
4 0.538218 0.230406 0.036043 0.133871
4 0.418695 0.199873 0.039256 0.117399
4 0.333867 0.296325 0.040852 0.150760
4 0.462207 0.196730 0.032242 0.131900
4 0.851947 0.221348 0.049595 0.121438
5 0.511740 0.741365 0.011065 0.016730
3 0.325542 0.260725 0.051141 0.124316
4 0.328569 0.268682 0.058897 0.106495
3 0.851957 0.224379 0.049875 0.114685
3 0.331007 0.247449 0.057446 0.148976
3 0.321212 0.240994 0.038978 0.154612