2 0.721587 0.257208 0.058279 0.069968
4 0.734694 0.526231 0.055049 0.163707
4 0.417469 0.374218 0.048694 0.112815
4 0.758618 0.336801 0.029274 0.102164
6 0.012413 0.371305 0.024826 0.115735
4 0.245807 0.358690 0.027494 0.105045
4 0.817370 0.500295 0.033670 0.134009
4 0.511017 0.336007 0.041560 0.075135
0 0.050893 0.656799 0.101786 0.276290
6 0.976091 0.277301 0.021592 0.095687
4 0.705497 0.285356 0.027025 0.081194
4 0.911137 0.355176 0.037547 0.086170
5 0.934780 0.414580 0.008559 0.010587
5 0.798594 0.372632 0.007621 0.010435
5 0.854746 0.275971 0.006943 0.011397
3 0.726814 0.266236 0.035302 0.051688