2 0.839819 0.344054 0.071852 0.093648
6 0.393478 0.689379 0.064100 0.257129
4 0.404722 0.353507 0.030709 0.104564
4 0.644827 0.345515 0.026729 0.105720
4 0.401559 0.496143 0.040078 0.158006
4 0.731346 0.405069 0.030696 0.115954
4 0.704913 0.347241 0.026051 0.110407
4 0.187871 0.389016 0.024678 0.110032
4 0.576254 0.357253 0.034780 0.105280
4 0.512877 0.355822 0.028030 0.098089
4 0.779685 0.336788 0.027619 0.104227
4 0.373501 0.493728 0.036184 0.148400
4 0.388147 0.494032 0.064590 0.152696
4 0.120748 0.398365 0.035455 0.099080
4 0.508482 0.323391 0.016736 0.075189
5 0.256186 0.252666 0.010356 0.017251
5 0.846501 0.711841 0.010537 0.017056
5 0.709888 0.963536 0.010058 0.015492
4 0.500186 0.324506 0.037783 0.073478