2 0.237157 0.289760 0.060555 0.083194
4 0.364807 0.623667 0.085237 0.152554
4 0.171738 0.526361 0.060534 0.128414
4 0.578457 0.571186 0.050857 0.170135
4 0.413957 0.348287 0.030789 0.099785
6 0.075549 0.325126 0.037037 0.107546
4 0.802686 0.476951 0.053567 0.122017
3 0.235573 0.290315 0.028953 0.090743
4 0.313605 0.360339 0.042432 0.121067
4 0.095681 0.449197 0.031054 0.131841
4 0.313003 0.378267 0.035092 0.089001
5 0.139681 0.135431 0.012282 0.018363
4 0.061296 0.817637 0.122383 0.359251
1 0.968053 0.705400 0.063746 0.291540
4 0.038964 0.809025 0.077706 0.381949