2 0.027678 0.404162 0.055357 0.088365
6 0.103499 0.825406 0.066467 0.204393
4 0.473020 0.478319 0.026180 0.111644
4 0.116105 0.424533 0.030894 0.101030
4 0.963423 0.546012 0.036484 0.125182
4 0.576404 0.418829 0.021132 0.084181
6 0.166194 0.377170 0.021846 0.079942
4 0.079782 0.491078 0.030027 0.116537
4 0.455039 0.400146 0.021035 0.079819
4 0.183053 0.411884 0.023904 0.088065
4 0.732833 0.471943 0.023165 0.087014
4 0.719325 0.416238 0.031801 0.112606
4 0.679128 0.407394 0.022842 0.100710
4 0.286352 0.399959 0.029449 0.092530
4 0.634509 0.447114 0.023777 0.087793
3 0.068411 0.408795 0.029824 0.067892
4 0.632021 0.406156 0.025705 0.090269
4 0.068629 0.408648 0.030424 0.068243
4 0.853354 0.473677 0.024932 0.102526
4 0.765701 0.435652 0.019286 0.091966
5 0.415906 0.291298 0.009293 0.012301
5 0.010587 0.784641 0.008810 0.013777
4 0.771675 0.434042 0.022917 0.094327
5 0.142703 0.860497 0.007236 0.012548