6 0.448198 0.826005 0.085500 0.308685
2 0.705587 0.341810 0.074246 0.090304
6 0.379066 0.344095 0.025134 0.104504
4 0.836377 0.475904 0.037948 0.137769
4 0.785206 0.363600 0.036233 0.100203
4 0.912681 0.345330 0.033666 0.090494
4 0.209319 0.610256 0.051646 0.167723
4 0.584128 0.355817 0.039977 0.081997
4 0.430261 0.323761 0.024791 0.084281
4 0.511548 0.344944 0.036445 0.088524
4 0.410854 0.338109 0.021063 0.080052
4 0.241810 0.382690 0.033516 0.090077
3 0.702503 0.337567 0.031314 0.093144
5 0.099796 0.264910 0.011725 0.018898
5 0.004507 0.464449 0.009014 0.022521