2 0.762773 0.305261 0.063986 0.081356
4 0.349269 0.538159 0.050635 0.165999
4 0.538355 0.381378 0.036601 0.101773
3 0.716383 0.316266 0.034883 0.066996
4 0.201238 0.386140 0.036581 0.076057
4 0.643202 0.324036 0.023752 0.086994
4 0.409500 0.451891 0.034976 0.130375
6 0.955668 0.325194 0.021375 0.113873
4 0.644382 0.428924 0.031207 0.129443
4 0.568037 0.348793 0.026086 0.083899
4 0.623812 0.353213 0.027223 0.106578
4 0.317483 0.356909 0.030426 0.091246
4 0.663309 0.320342 0.030640 0.092732
5 0.797853 0.645684 0.009617 0.013898
5 0.493538 0.347752 0.014891 0.011122
7 0.762773 0.305261 0.063986 0.065085
