4 0.421334 0.544311 0.072601 0.144724
6 0.789965 0.832604 0.058576 0.203380
3 0.324201 0.314598 0.037619 0.086612
4 0.890212 0.382663 0.033888 0.083774
4 0.446993 0.303929 0.026099 0.096098
2 0.312285 0.312754 0.065098 0.087827
4 0.302817 0.340729 0.029743 0.083384
6 0.410890 0.263381 0.020621 0.084599
4 0.780275 0.339729 0.033218 0.080336
4 0.524615 0.286131 0.028670 0.068627
4 0.649664 0.308930 0.031340 0.093003
4 0.395484 0.330204 0.032635 0.087100
4 0.275951 0.395371 0.038842 0.082838
7 0.312285 0.312754 0.065098 0.070262
