2 0.865580 0.322044 0.085487 0.112088
4 0.376494 0.470832 0.050349 0.168113
6 0.397837 0.768034 0.072923 0.320290
4 0.302249 0.439182 0.049541 0.137407
4 0.344910 0.310957 0.031985 0.110153
4 0.479201 0.335722 0.029833 0.111991
4 0.731404 0.400643 0.037835 0.114986
4 0.637165 0.317267 0.035312 0.122585
4 0.610552 0.309447 0.025907 0.111765
4 0.421576 0.294698 0.022001 0.098311
4 0.678032 0.345108 0.030381 0.125884
3 0.785388 0.315742 0.033555 0.117500
6 0.490796 0.316204 0.020128 0.119736
5 0.186112 0.221166 0.010722 0.017208