2 0.414825 0.314725 0.081718 0.105880
4 0.840359 0.439345 0.042809 0.149737
4 0.230570 0.384941 0.041561 0.167552
4 0.617754 0.327708 0.037233 0.133932
4 0.485367 0.411189 0.040363 0.169080
4 0.791263 0.315920 0.035227 0.123145
6 0.527123 0.287109 0.023511 0.123727
4 0.352604 0.341900 0.031736 0.127974
4 0.584581 0.349740 0.036648 0.134566
4 0.555275 0.327422 0.027051 0.143503
4 0.492087 0.313061 0.023969 0.101051
6 0.984437 0.712716 0.031127 0.277774
3 0.412945 0.324373 0.036520 0.133449
5 0.147189 0.220912 0.010077 0.015765
2 0.665363 0.130151 0.644644 0.260303
5 0.622046 0.700190 0.010468 0.016290
7 0.414825 0.314725 0.081718 0.084704
