2 0.972608 0.418117 0.054088 0.078884
6 0.313507 0.488953 0.032219 0.114455
4 0.579281 0.504248 0.029053 0.104980
4 0.626688 0.493933 0.027549 0.107260
4 0.419430 0.477662 0.036807 0.099370
4 0.589790 0.399861 0.021025 0.068752
4 0.133022 0.495924 0.026005 0.086468
4 0.857755 0.417075 0.023299 0.082422
4 0.566791 0.408425 0.020382 0.070744
4 0.780015 0.446969 0.024668 0.085334
3 0.974972 0.416882 0.031219 0.084117
4 0.665024 0.421914 0.026797 0.086344
5 0.877234 0.298427 0.008747 0.013651
4 0.788153 0.404672 0.025476 0.066903