2 0.589005 0.327792 0.046943 0.058661
4 0.634590 0.440143 0.026559 0.101671
6 0.447229 0.301358 0.016984 0.064611
4 0.489186 0.364354 0.027042 0.072421
4 0.158587 0.420973 0.031975 0.083143
4 0.321702 0.396581 0.023839 0.089133
4 0.746702 0.342739 0.024952 0.054289
4 0.543653 0.546964 0.032408 0.145001
4 0.543929 0.344951 0.020098 0.067063
4 0.725393 0.361221 0.024877 0.056015
4 0.787167 0.349708 0.034783 0.067045
4 0.705986 0.361281 0.020547 0.071548
3 0.588147 0.335268 0.034224 0.047097
5 0.302904 0.965952 0.016194 0.019893
5 0.884921 0.535364 0.009638 0.014959
7 0.589005 0.327792 0.046943 0.046929
