2 0.881676 0.224518 0.060966 0.081254
4 0.124594 0.464185 0.073942 0.112237
4 0.750478 0.514697 0.056685 0.142297
4 0.749939 0.341037 0.047032 0.109006
4 0.310540 0.411738 0.051876 0.120163
4 0.665697 0.276084 0.032022 0.083609
4 0.644600 0.377273 0.039758 0.113169
4 0.550547 0.261433 0.033038 0.083821
4 0.165479 0.328800 0.028654 0.109203
4 0.816717 0.307147 0.034232 0.077757
4 0.779477 0.263320 0.031336 0.089627
6 0.658904 0.195694 0.017634 0.082143
3 0.831777 0.223661 0.026450 0.089486
5 0.083398 0.181825 0.015463 0.027273
5 0.030321 0.497019 0.012365 0.012730
5 0.866030 0.617015 0.010563 0.017220