2 0.194704 0.367829 0.046147 0.059358
4 0.541981 0.626431 0.036201 0.148079
6 0.940403 0.442847 0.027735 0.081640
4 0.715337 0.441656 0.025526 0.077843
4 0.160457 0.496831 0.034529 0.098505
4 0.874892 0.470549 0.031336 0.081669
4 0.480978 0.422644 0.024689 0.079214
4 0.504388 0.408216 0.020109 0.075365
4 0.251323 0.374656 0.019615 0.059985
4 0.138441 0.369571 0.018989 0.047741
4 0.656416 0.443782 0.028179 0.068905
3 0.199349 0.367236 0.024692 0.059474
5 0.078206 0.309307 0.008405 0.012941
4 0.643882 0.420505 0.023769 0.061625
5 0.116555 0.259418 0.009309 0.014978