4 0.893007 0.436502 0.057458 0.114267
4 0.517853 0.574486 0.055746 0.191870
2 0.222529 0.187574 0.060139 0.073675
4 0.214114 0.419254 0.046869 0.118161
4 0.421013 0.423992 0.050231 0.111402
4 0.317316 0.292009 0.035493 0.086820
4 0.315055 0.213159 0.028699 0.079739
4 0.666685 0.294781 0.034305 0.101753
6 0.539521 0.193097 0.028553 0.083125
3 0.233660 0.191689 0.026204 0.077708
4 0.982059 0.445832 0.035566 0.161096
5 0.655433 0.790828 0.009697 0.014830
5 0.622782 0.759278 0.010488 0.016593
4 0.982658 0.420632 0.034684 0.145986
7 0.222529 0.187574 0.060139 0.058940
