2 0.763825 0.356126 0.068961 0.086368
4 0.744974 0.471699 0.037169 0.138404
4 0.484420 0.511019 0.037276 0.151781
4 0.622702 0.413077 0.040210 0.118318
6 0.904265 0.441291 0.029613 0.148577
4 0.465913 0.393613 0.026562 0.121815
4 0.531161 0.351704 0.029403 0.084637
4 0.600037 0.420650 0.025800 0.113899
4 0.565392 0.415513 0.026724 0.106805
4 0.431093 0.394707 0.023842 0.103439
3 0.762710 0.349966 0.029751 0.100503
4 0.557191 0.376897 0.027850 0.100548
4 0.654273 0.360607 0.022128 0.095066
4 0.643022 0.364359 0.019983 0.108500
5 0.646587 0.220300 0.010323 0.016392