2 0.964623 0.423202 0.070113 0.102572
6 0.324891 0.672958 0.051630 0.221070
0 0.062523 0.859943 0.124453 0.278544
4 0.691993 0.536927 0.036519 0.141752
6 0.636188 0.419629 0.022994 0.110864
4 0.279854 0.457694 0.028454 0.117314
4 0.829172 0.464488 0.033804 0.129682
4 0.697094 0.422440 0.026664 0.107707
4 0.203827 0.509902 0.029363 0.116369
4 0.765790 0.435810 0.027827 0.116808
3 0.912497 0.417281 0.029965 0.104707
4 0.753097 0.514552 0.044493 0.126554
4 0.325644 0.441796 0.022539 0.106237
4 0.455516 0.458023 0.033514 0.127152
4 0.176631 0.478427 0.022833 0.118971
4 0.414247 0.455312 0.023117 0.122731
5 0.362468 0.316202 0.009707 0.016536
2 0.923096 0.180713 0.052876 0.174516