2 0.684028 0.257806 0.088262 0.115686
4 0.443679 0.467811 0.056486 0.219985
4 0.266076 0.448249 0.045968 0.190731
4 0.315857 0.468275 0.041987 0.208035
4 0.750981 0.319048 0.035727 0.149249
4 0.551292 0.447035 0.047171 0.192615
3 0.689452 0.267819 0.049495 0.135616
6 0.868059 0.373930 0.038185 0.202551
4 0.596268 0.308157 0.036948 0.172085
4 0.533370 0.566253 0.047706 0.234252
4 0.560349 0.314554 0.033488 0.146835
4 0.549135 0.253748 0.029925 0.131385
4 0.941359 0.306071 0.037267 0.159175
6 0.941175 0.306264 0.037442 0.159453
5 0.784968 0.563134 0.009974 0.013802