4 0.798496 0.558305 0.048534 0.120377
4 0.328283 0.455092 0.044474 0.123490
2 0.187078 0.383634 0.069101 0.088838
4 0.533358 0.363490 0.020761 0.087396
4 0.296553 0.384538 0.026267 0.106352
4 0.465644 0.354015 0.032624 0.077719
4 0.758861 0.396225 0.024286 0.078074
3 0.701236 0.381814 0.034152 0.064683
4 0.511323 0.346339 0.020942 0.063991
3 0.442192 0.337659 0.020471 0.075230
3 0.253638 0.384050 0.031775 0.082225
4 0.253654 0.383746 0.031696 0.082422
4 0.701248 0.381469 0.033906 0.064974
4 0.442530 0.337807 0.020436 0.075033