4 0.363181 0.423873 0.036351 0.109872
2 0.684970 0.359925 0.071173 0.087426
4 0.478787 0.460885 0.037457 0.107626
4 0.141679 0.463243 0.034538 0.112890
4 0.548277 0.332347 0.030728 0.067312
6 0.904589 0.406284 0.021818 0.128884
4 0.592095 0.375441 0.041674 0.072664
4 0.675440 0.385356 0.034234 0.089850
4 0.630649 0.372019 0.033332 0.088226
4 0.687734 0.376378 0.025453 0.094024
5 0.210109 0.777628 0.010876 0.019283
5 0.252298 0.795152 0.010678 0.016355
3 0.687320 0.376191 0.025717 0.096607
7 0.684970 0.359925 0.071173 0.069941
