2 0.609701 0.212314 0.063335 0.083289
4 0.354770 0.555185 0.057530 0.207242
4 0.342220 0.382079 0.039053 0.141646
4 0.422895 0.294648 0.027087 0.129981
4 0.454888 0.382046 0.033779 0.156364
4 0.482718 0.445803 0.036101 0.171211
4 0.557442 0.238383 0.035690 0.130026
6 0.744495 0.290245 0.023879 0.141548
4 0.709252 0.273523 0.030102 0.112018
3 0.605317 0.209331 0.028971 0.092101
4 0.562247 0.253263 0.026857 0.098606
4 0.556842 0.222241 0.035610 0.093033
5 0.478025 0.645356 0.010081 0.018629
5 0.826191 0.620984 0.015307 0.018794