2 0.801861 0.246096 0.067516 0.092448
4 0.538065 0.363958 0.043495 0.128541
4 0.232668 0.624156 0.095668 0.184120
4 0.695908 0.261893 0.027465 0.108198
4 0.531772 0.208153 0.033882 0.083947
4 0.137044 0.316276 0.028638 0.098227
4 0.578722 0.237341 0.022879 0.081037
3 0.749277 0.236827 0.029094 0.101530
4 0.452692 0.233245 0.025707 0.068226
4 0.431284 0.234313 0.020762 0.074834
4 0.349297 0.266878 0.028496 0.087639
5 0.401767 0.253928 0.006675 0.011994
5 0.673779 0.831879 0.011139 0.016390
5 0.961190 0.742595 0.013589 0.015985