2 0.188882 0.383519 0.066032 0.088194
4 0.746184 0.538811 0.039759 0.118426
4 0.294747 0.452787 0.034809 0.127507
4 0.489743 0.363624 0.027213 0.083375
4 0.696243 0.389321 0.024972 0.084272
4 0.764268 0.392287 0.024252 0.086259
3 0.233383 0.375320 0.024640 0.089571
4 0.433331 0.331285 0.019962 0.078218
4 0.276344 0.388773 0.025797 0.092060
5 0.361097 0.660173 0.009417 0.014376
3 0.293282 0.033868 0.044393 0.067006
4 0.274111 0.374674 0.023011 0.092242
5 0.435749 0.981613 0.014501 0.027610
4 0.507770 0.341412 0.034002 0.074626