2 0.373111 0.328851 0.043997 0.061356
4 0.794190 0.451984 0.036657 0.098417
6 0.361269 0.561815 0.034480 0.172345
4 0.458872 0.474086 0.028983 0.100147
4 0.635837 0.422972 0.024502 0.095967
4 0.431097 0.408138 0.029816 0.082063
4 0.543621 0.393270 0.025937 0.084176
3 0.372350 0.334572 0.026655 0.064433
4 0.728729 0.550984 0.034097 0.132687
4 0.725616 0.485310 0.034403 0.100145
4 0.436683 0.353800 0.019334 0.054351
5 0.491000 0.727026 0.008286 0.011573
1 0.970190 0.694528 0.059621 0.241566
5 0.302567 0.208142 0.010251 0.016392
7 0.373111 0.328851 0.043997 0.049085
