2 0.167858 0.355546 0.083368 0.112380
4 0.720619 0.498176 0.046034 0.147408
4 0.890282 0.515763 0.042138 0.172633
4 0.414147 0.402909 0.047687 0.102838
4 0.391479 0.351879 0.044036 0.113231
4 0.505156 0.342582 0.031174 0.093909
6 0.605390 0.774447 0.045787 0.285099
4 0.598346 0.322135 0.023767 0.085790
4 0.778684 0.402107 0.043533 0.107432
4 0.987121 0.388795 0.025758 0.096818
3 0.222244 0.351532 0.029630 0.107784
4 0.251480 0.364951 0.030127 0.108792
2 0.317314 0.139582 0.517662 0.279163
4 0.544336 0.303171 0.025916 0.079228
4 0.238147 0.362601 0.061409 0.111419
6 0.566973 0.295249 0.017544 0.088523