4 0.551704 0.402275 0.025051 0.089648
4 0.616512 0.430460 0.032829 0.111294
4 0.641554 0.379733 0.024491 0.076266
4 0.755109 0.359007 0.019208 0.050789
4 0.727579 0.361365 0.018255 0.058080
6 0.910914 0.345830 0.023322 0.081647
2 0.775905 0.360050 0.050608 0.057313
4 0.947551 0.815938 0.104899 0.363204
4 0.911320 0.900839 0.177360 0.195687
4 0.672975 0.356220 0.021303 0.045654
4 0.691687 0.355523 0.021589 0.047765
4 0.854663 0.897974 0.290057 0.204052
4 0.676877 0.355929 0.015755 0.046283
4 0.677566 0.356414 0.037262 0.047789
5 0.059222 0.854121 0.009445 0.013396
4 0.668469 0.356445 0.022090 0.045078
4 0.490538 0.375583 0.014744 0.052734
7 0.775905 0.360050 0.050608 0.045850
