2 0.598019 0.359771 0.052222 0.068382
4 0.748466 0.400214 0.025316 0.092358
4 0.569268 0.444083 0.036639 0.088733
6 0.813868 0.363645 0.021898 0.089269
4 0.260896 0.455506 0.036962 0.082736
3 0.596447 0.358022 0.030488 0.080460
4 0.554207 0.537820 0.042424 0.097250
4 0.668678 0.379741 0.025897 0.080327
4 0.241553 0.505078 0.049678 0.102738
4 0.674109 0.450535 0.032092 0.106131
4 0.529623 0.378752 0.024073 0.098102
4 0.854137 0.416824 0.027367 0.101285
4 0.520510 0.389943 0.026307 0.081503
4 0.965595 0.706383 0.068384 0.583454
7 0.598019 0.359771 0.052222 0.054706
