2 0.198011 0.426493 0.073733 0.095004
6 0.385557 0.759279 0.056501 0.257482
4 0.407183 0.485199 0.032264 0.101421
4 0.747781 0.539182 0.037097 0.107866
4 0.291731 0.431373 0.032016 0.088628
4 0.333071 0.449025 0.027380 0.094676
4 0.644901 0.432814 0.025582 0.078793
4 0.586685 0.426205 0.027047 0.081339
4 0.782961 0.464046 0.027809 0.082814
4 0.485780 0.447253 0.039677 0.067683
4 0.270470 0.486549 0.035473 0.100605
6 0.541407 0.426519 0.030626 0.098665
4 0.488238 0.398275 0.030090 0.062758
5 0.657491 0.319051 0.009415 0.014203
5 0.089637 0.247291 0.014480 0.024569
4 0.535987 0.437697 0.029990 0.104352
5 0.030068 0.323735 0.011795 0.020650
5 0.016671 0.456958 0.008635 0.013706
5 0.324603 0.990737 0.007788 0.012891