2 0.639314 0.212159 0.070191 0.095370
4 0.545284 0.389839 0.055507 0.141973
4 0.906156 0.326383 0.050563 0.111282
4 0.617502 0.525497 0.059911 0.174285
4 0.046102 0.418229 0.055062 0.148409
4 0.700419 0.298698 0.034681 0.123023
4 0.463557 0.259772 0.036679 0.102326
4 0.364274 0.268486 0.031901 0.093121
6 0.930612 0.219733 0.029343 0.117234
4 0.607563 0.251701 0.032041 0.109822
3 0.634131 0.213232 0.030459 0.103877
5 0.692016 0.593846 0.014622 0.020247
4 0.949942 0.786675 0.100115 0.419743
5 0.868476 0.402622 0.009099 0.012618
7 0.639314 0.212159 0.070191 0.076296
