2 0.684238 0.278082 0.058787 0.074782
6 0.531958 0.256060 0.022349 0.084781
4 0.124555 0.400259 0.034126 0.121693
4 0.354505 0.412476 0.031570 0.119451
4 0.633038 0.291305 0.025018 0.088284
4 0.574031 0.335254 0.030651 0.102715
4 0.593960 0.287994 0.022672 0.086044
4 0.696787 0.396938 0.036419 0.110677
4 0.180926 0.382626 0.039611 0.120613
4 0.776695 0.321430 0.033458 0.092851
4 0.667909 0.434759 0.036273 0.123670
4 0.728696 0.495084 0.039617 0.101485
3 0.680957 0.283482 0.052504 0.075128
2 0.285417 0.376329 0.570834 0.752658
7 0.684238 0.278082 0.058787 0.059826
