2 0.079135 0.416352 0.083042 0.109793
4 0.571436 0.595019 0.053851 0.144202
4 0.247970 0.503051 0.041402 0.143981
3 0.137132 0.413995 0.038939 0.107359
4 0.761987 0.457562 0.032097 0.108841
4 0.404672 0.399151 0.033245 0.086991
6 0.167250 0.920262 0.068803 0.157958
6 0.464521 0.406913 0.030172 0.116098
4 0.546910 0.452245 0.040055 0.099427
4 0.487337 0.426409 0.029079 0.119225
4 0.291480 0.435246 0.030090 0.117304
4 0.272123 0.436456 0.025644 0.113792
4 0.515860 0.390414 0.031262 0.092508
5 0.578705 0.441968 0.009471 0.013781
5 0.599532 0.285707 0.009105 0.014900