4 0.874885 0.490990 0.051049 0.138305
4 0.597924 0.321492 0.036813 0.099665
4 0.301075 0.332267 0.047996 0.091241
2 0.814373 0.261932 0.068490 0.091685
4 0.948199 0.322543 0.041733 0.113712
4 0.830068 0.351621 0.032299 0.113825
4 0.718297 0.280145 0.025982 0.085616
4 0.739364 0.289992 0.027382 0.080071
4 0.623765 0.254217 0.027657 0.068512
3 0.801525 0.284889 0.044848 0.083546
6 0.067044 0.280448 0.026903 0.097332
5 0.822321 0.524279 0.010756 0.014816
5 0.354521 0.640447 0.011658 0.017510
7 0.814373 0.261932 0.068490 0.073348
