2 0.117439 0.241566 0.081114 0.105422
4 0.929420 0.390051 0.038403 0.149150
4 0.297185 0.327957 0.035386 0.148233
4 0.732192 0.565736 0.058751 0.223840
4 0.195656 0.239088 0.030305 0.106198
4 0.462651 0.241567 0.030935 0.108305
4 0.400727 0.214996 0.021995 0.099941
4 0.798770 0.342369 0.034552 0.132930
4 0.360458 0.248662 0.036765 0.099292
3 0.137483 0.230881 0.033029 0.095914
5 0.134120 0.809648 0.008770 0.012792
4 0.367859 0.204720 0.028345 0.094276
3 0.149245 0.269962 0.058396 0.048500
5 0.157670 0.811621 0.009348 0.013317
7 0.117439 0.241566 0.081114 0.084338
