2 0.876678 0.358515 0.072855 0.095428
6 0.742989 0.321181 0.023127 0.097827
3 0.834755 0.362427 0.035003 0.082810
4 0.704611 0.381112 0.034458 0.098185
4 0.112167 0.432491 0.031847 0.090685
4 0.367555 0.465578 0.038186 0.117263
4 0.437665 0.365165 0.023927 0.091881
4 0.615673 0.366009 0.026312 0.087718
4 0.547073 0.410818 0.032547 0.093458
4 0.404374 0.356959 0.023654 0.089495
4 0.360068 0.378944 0.031749 0.098837
4 0.554328 0.364256 0.027136 0.078447
5 0.628552 0.408591 0.009498 0.017257
1 0.037096 0.825091 0.074116 0.342381
5 0.741385 0.968279 0.010780 0.016118
0 0.037197 0.820397 0.073839 0.338649
5 0.911739 0.512181 0.012522 0.014020
5 0.302745 0.265062 0.008930 0.014543