4 0.643084 0.591734 0.065219 0.126735
6 0.398480 0.309255 0.022620 0.065843
4 0.480287 0.476532 0.044982 0.096392
2 0.210024 0.354583 0.059172 0.079900
4 0.794454 0.442074 0.036130 0.088144
4 0.437121 0.333464 0.022328 0.066028
3 0.237153 0.362112 0.030196 0.074086
4 0.498329 0.397968 0.027283 0.073493
4 0.371555 0.376651 0.033138 0.076112
4 0.643347 0.385365 0.027323 0.069888
4 0.349770 0.353389 0.023733 0.077545
1 0.924645 0.743147 0.150710 0.306205
5 0.070921 0.275161 0.009310 0.012969
5 0.772295 0.664461 0.013100 0.017725
5 0.115517 0.170387 0.009862 0.015170
4 0.583593 0.357939 0.041171 0.058881
5 0.007711 0.248545 0.013006 0.016200
5 0.117736 0.213730 0.009575 0.015968
0 0.924809 0.737242 0.150382 0.296348
4 0.596881 0.355003 0.015417 0.061113
7 0.210024 0.354583 0.059172 0.063920
