2 0.765326 0.385729 0.116528 0.158134
4 0.303216 0.427765 0.046027 0.124117
6 0.523831 0.654182 0.063023 0.282357
4 0.181238 0.443301 0.045338 0.165473
4 0.131514 0.378226 0.044233 0.133873
4 0.644431 0.396173 0.048811 0.153430
6 0.236487 0.564356 0.064793 0.210032
6 0.229967 0.402775 0.037848 0.160944
4 0.575284 0.430820 0.042272 0.142541
4 0.548706 0.388812 0.042646 0.141319
4 0.388594 0.479477 0.049996 0.177516
5 0.270807 0.486142 0.011199 0.017480
5 0.684794 0.379503 0.007808 0.014912
3 0.820122 0.022449 0.051388 0.041118