2 0.813157 0.358768 0.082469 0.105885
6 0.649021 0.544140 0.053468 0.203618
4 0.220918 0.531572 0.047712 0.155701
4 0.539247 0.395308 0.034983 0.111836
6 0.422051 0.357405 0.025884 0.108880
4 0.619817 0.349076 0.044272 0.096742
4 0.362305 0.365654 0.026323 0.106451
4 0.676135 0.433965 0.054161 0.130596
4 0.767446 0.386442 0.030136 0.104679
4 0.008439 0.435958 0.016728 0.118793
4 0.684176 0.434280 0.038946 0.127997
4 0.750936 0.358579 0.025039 0.085926
4 0.485641 0.359819 0.031839 0.102891
4 0.470606 0.371362 0.031782 0.093600
4 0.479067 0.362499 0.045579 0.101949
4 0.401900 0.347381 0.029707 0.099113
5 0.672281 0.200965 0.009169 0.013800