4 0.751932 0.651726 0.079301 0.240897
2 0.062043 0.270268 0.086060 0.112417
6 0.778498 0.879327 0.090476 0.240334
4 0.421355 0.480900 0.070384 0.173934
6 0.352887 0.219065 0.028046 0.096880
3 0.124828 0.277768 0.038285 0.102433
4 0.669846 0.358418 0.036560 0.130814
4 0.369866 0.286263 0.035561 0.077435
4 0.278631 0.283815 0.042006 0.099636
4 0.469326 0.304339 0.043334 0.099641
4 0.449902 0.297978 0.038449 0.134562
5 0.105237 0.858754 0.008718 0.014914
5 0.040136 0.763914 0.009930 0.014813
4 0.292605 0.266799 0.058332 0.127403
7 0.062043 0.270268 0.086060 0.089934
