4 0.690941 0.354238 0.034387 0.076454
6 0.948557 0.338795 0.022448 0.128457
2 0.771983 0.349094 0.052295 0.079655
4 0.661816 0.345748 0.031308 0.071825
5 0.910380 0.491281 0.008587 0.010810
5 0.862095 0.634036 0.010687 0.015665
3 0.762592 0.348893 0.028182 0.077616
5 0.869101 0.750875 0.010913 0.015111
4 0.725381 0.359430 0.021460 0.073958
5 0.111134 0.780867 0.006961 0.008915
5 0.812004 0.534813 0.008648 0.013578
4 0.761527 0.350509 0.033429 0.074975
5 0.056579 0.756320 0.007523 0.011071
7 0.771983 0.349094 0.052295 0.063724
