2 0.674093 0.289164 0.058207 0.073895
6 0.159789 0.897450 0.097051 0.201890
4 0.894765 0.373844 0.052842 0.107700
4 0.578804 0.554008 0.049854 0.149251
6 0.529688 0.256803 0.021290 0.075951
4 0.511728 0.352210 0.029361 0.086703
4 0.570837 0.353840 0.031524 0.082315
4 0.817418 0.286827 0.022099 0.067640
4 0.185613 0.473264 0.039104 0.111038
4 0.739187 0.281455 0.019363 0.074681
4 0.793767 0.332174 0.028160 0.081098
4 0.770154 0.277880 0.019626 0.069002
3 0.677565 0.284879 0.023726 0.082478
4 0.791416 0.278998 0.021396 0.056804