2 0.806621 0.375681 0.070459 0.091280
4 0.585221 0.560255 0.052680 0.174428
3 0.782808 0.384143 0.042626 0.076108
4 0.504475 0.420355 0.029185 0.097147
4 0.457197 0.358125 0.023107 0.083480
4 0.594785 0.475364 0.034125 0.125229
4 0.019064 0.518469 0.038055 0.117086
4 0.079313 0.452505 0.035441 0.103262
4 0.545568 0.340075 0.019428 0.062751
4 0.687622 0.389925 0.028936 0.090042
5 0.728930 0.431319 0.010126 0.015244
4 0.564564 0.340320 0.025282 0.066794
5 0.937173 0.730980 0.012148 0.014424
4 0.700658 0.386579 0.030192 0.093374