2 0.777796 0.373688 0.067400 0.089895
4 0.456805 0.471038 0.049332 0.106617
4 0.472329 0.377806 0.031505 0.083433
4 0.319058 0.449779 0.044512 0.092196
4 0.227810 0.524608 0.037481 0.111894
4 0.628642 0.379781 0.022899 0.098141
4 0.322559 0.377699 0.025439 0.072468
4 0.281686 0.383807 0.026220 0.083002
3 0.726786 0.363222 0.027060 0.100404
4 0.430368 0.357602 0.018933 0.075101
4 0.406913 0.349320 0.025035 0.084897
4 0.413069 0.384445 0.022045 0.077944
5 0.227112 0.293155 0.009746 0.014708
5 0.942835 0.397795 0.009785 0.017799
5 0.995869 0.811472 0.008261 0.020602