6 0.711215 0.884785 0.073900 0.230340
2 0.840120 0.394297 0.073324 0.097123
4 0.381229 0.477938 0.044962 0.111879
4 0.326052 0.416624 0.028266 0.086081
4 0.233017 0.450945 0.025858 0.109240
4 0.637267 0.368642 0.023981 0.088729
4 0.621884 0.413549 0.028548 0.115452
4 0.581602 0.433339 0.027308 0.121689
4 0.671569 0.414777 0.029228 0.121574
3 0.782715 0.383533 0.029747 0.103582
4 0.491910 0.405987 0.025104 0.090969
4 0.491507 0.367637 0.038147 0.076842
4 0.496758 0.369110 0.026848 0.076777
4 0.488574 0.365008 0.028061 0.079946