2 0.746845 0.386129 0.058410 0.075476
6 0.076620 0.459290 0.025162 0.103285
4 0.464598 0.487247 0.028760 0.113189
4 0.529795 0.523426 0.027351 0.101657
4 0.288466 0.504088 0.029791 0.113755
4 0.677504 0.405224 0.023459 0.082711
4 0.586994 0.480684 0.025331 0.111564
6 0.868397 0.459675 0.030043 0.123472
4 0.327123 0.464848 0.027625 0.105268
0 0.048169 0.804709 0.096079 0.311830
4 0.532122 0.441399 0.023179 0.099388
4 0.547201 0.475976 0.022522 0.108226
3 0.741086 0.388535 0.022595 0.076334
3 0.754967 0.385114 0.021048 0.076828
5 0.356226 0.428376 0.008760 0.014658
3 0.761028 0.385827 0.033143 0.074224