2 0.714218 0.311490 0.057021 0.073181
4 0.757809 0.554476 0.064878 0.112408
4 0.088559 0.481680 0.056510 0.085940
4 0.814796 0.536617 0.046472 0.104794
4 0.603857 0.342874 0.026190 0.089226
4 0.908856 0.360093 0.025005 0.107031
4 0.621047 0.341053 0.030817 0.088964
4 0.352958 0.402063 0.032652 0.087606
3 0.714288 0.309012 0.026055 0.086576
4 0.890060 0.364049 0.025352 0.099060
1 0.026464 0.730871 0.052901 0.285882
4 0.875656 0.383859 0.051631 0.133242
4 0.880466 0.364103 0.044096 0.097322
4 0.862577 0.381093 0.026701 0.121862