4 0.310951 0.516059 0.053413 0.134931
2 0.331192 0.357784 0.058731 0.078836
6 0.188137 0.359014 0.023932 0.099948
4 0.450249 0.498787 0.037444 0.116549
4 0.610563 0.365808 0.025737 0.086175
4 0.880844 0.431263 0.027084 0.101250
3 0.353174 0.363721 0.037468 0.062722
4 0.444304 0.357681 0.022711 0.069637
4 0.403729 0.367734 0.027980 0.074170
4 0.423632 0.344805 0.025182 0.069747
4 0.463529 0.337171 0.021879 0.073575
4 0.406689 0.502250 0.035583 0.116849
5 0.730786 0.272272 0.008331 0.013010
5 0.193321 0.264782 0.008865 0.016617
5 0.242018 0.201291 0.011709 0.020926
5 0.305759 0.723104 0.008280 0.013144
5 0.241738 0.154777 0.010240 0.016034
7 0.331192 0.357784 0.058731 0.063069
