4 0.270338 0.431715 0.043444 0.123414
2 0.266465 0.257156 0.044917 0.063324
4 0.218928 0.316576 0.031620 0.082376
4 0.311713 0.327066 0.021162 0.080075
4 0.634771 0.501405 0.040563 0.128599
4 0.632430 0.291112 0.017531 0.068065
4 0.280255 0.300270 0.020391 0.070199
4 0.374155 0.296005 0.021962 0.089539
4 0.393379 0.457068 0.050225 0.136427
4 0.321662 0.279065 0.020041 0.057601
4 0.331951 0.267383 0.016172 0.057999
3 0.265524 0.263923 0.021881 0.055545
4 0.054656 0.665549 0.108499 0.434713
7 0.266465 0.257156 0.044917 0.050659
