6 0.779562 0.412881 0.023673 0.089044
4 0.682805 0.376825 0.017965 0.070599
2 0.647329 0.385999 0.053215 0.074402
4 0.195727 0.449290 0.021421 0.097020
4 0.561677 0.383645 0.018529 0.069252
4 0.581610 0.389844 0.021807 0.067172
4 0.637479 0.404609 0.022421 0.064792
4 0.399006 0.459548 0.023027 0.082191
4 0.415147 0.436949 0.025303 0.089641
4 0.578905 0.477247 0.025573 0.096883
4 0.460781 0.428535 0.022070 0.099444
3 0.637261 0.403461 0.022376 0.063357
4 0.656977 0.404771 0.030963 0.051376
3 0.656658 0.404572 0.031290 0.050770
7 0.647329 0.385999 0.053215 0.059522
