2 0.784195 0.386370 0.057364 0.074107
4 0.472641 0.438877 0.028454 0.080793
4 0.439657 0.476123 0.034463 0.106577
4 0.179525 0.454606 0.032845 0.072005
4 0.696001 0.406838 0.026399 0.084898
4 0.276965 0.537470 0.038301 0.118934
4 0.373895 0.452402 0.032009 0.086145
6 0.309968 0.398575 0.020260 0.084158
3 0.735541 0.383146 0.024927 0.083242
4 0.555889 0.399988 0.019455 0.076415
4 0.419980 0.409852 0.023538 0.075710
4 0.408521 0.390593 0.017996 0.061652
4 0.434091 0.405958 0.025077 0.068732
1 0.083757 0.772026 0.166435 0.304429
5 0.382347 0.502627 0.008428 0.011239
0 0.082985 0.767928 0.165371 0.289005
5 0.011086 0.365252 0.014824 0.024816