4 0.364963 0.492031 0.028585 0.098486
4 0.304001 0.502909 0.035892 0.103377
2 0.338729 0.344222 0.035436 0.052785
4 0.947852 0.451210 0.028912 0.075811
4 0.885341 0.436005 0.025282 0.064796
4 0.787607 0.430365 0.021631 0.065732
4 0.474313 0.409932 0.024510 0.070781
4 0.395225 0.358329 0.015896 0.048333
4 0.536495 0.383531 0.020630 0.046783
4 0.532336 0.383609 0.029662 0.047451
4 0.309708 0.398573 0.029158 0.062271
3 0.333357 0.352063 0.020574 0.037934
6 0.212884 0.379893 0.028610 0.073443
7 0.338729 0.344222 0.035436 0.042228
