2 0.696478 0.337770 0.054729 0.071230
4 0.352909 0.578475 0.040446 0.154791
4 0.561224 0.367170 0.023294 0.092025
6 0.854358 0.355451 0.022647 0.094891
4 0.333954 0.420809 0.027630 0.096608
4 0.430953 0.392339 0.024520 0.104383
4 0.502327 0.352506 0.019936 0.069946
4 0.639101 0.356360 0.030981 0.082375
0 0.036975 0.735691 0.073949 0.262382
4 0.594959 0.332617 0.017061 0.074990
4 0.369233 0.458639 0.033998 0.119043
4 0.647479 0.321968 0.017189 0.058687
3 0.698369 0.335212 0.019621 0.071775
5 0.832710 0.354887 0.006768 0.010597
4 0.695831 0.346069 0.033970 0.067427
7 0.696478 0.337770 0.054729 0.056984
