2 0.100001 0.358588 0.072406 0.102658
4 0.686065 0.501083 0.041834 0.125753
4 0.233081 0.399452 0.040408 0.103609
3 0.148580 0.352589 0.030257 0.101611
4 0.623493 0.415372 0.033335 0.109766
4 0.257114 0.370741 0.026842 0.093215
4 0.669404 0.349995 0.027173 0.084026
4 0.386720 0.349990 0.030473 0.085523
4 0.484948 0.334758 0.038908 0.081260
4 0.525032 0.364894 0.034264 0.095490
2 0.228105 0.148407 0.452655 0.294180
4 0.918819 0.552693 0.050816 0.135831
3 0.580882 0.139504 0.116314 0.270510
7 0.100001 0.358588 0.072406 0.082126
