4 0.776751 0.261513 0.042416 0.146645
4 0.354386 0.332581 0.033894 0.179030
2 0.541469 0.232622 0.092639 0.122299
4 0.484549 0.305929 0.042454 0.138414
4 0.417112 0.589655 0.076546 0.251445
4 0.631418 0.365494 0.052229 0.186581
4 0.136194 0.457133 0.049348 0.212004
4 0.294179 0.381197 0.046168 0.182866
4 0.442943 0.282797 0.034913 0.154064
4 0.729780 0.440553 0.051188 0.217330
4 0.385097 0.287251 0.033049 0.154090
4 0.638010 0.286209 0.047533 0.154203
3 0.547600 0.243321 0.051678 0.133481
6 0.723304 0.305703 0.035073 0.130603
7 0.541469 0.232622 0.092639 0.097839
