2 0.770573 0.433822 0.056899 0.072799
4 0.245789 0.567098 0.045386 0.099918
6 0.524994 0.807009 0.055142 0.233875
0 0.058495 0.843454 0.116728 0.297363
4 0.670239 0.454222 0.027304 0.083777
4 0.143977 0.524048 0.052370 0.073988
6 0.539652 0.401334 0.018785 0.070504
4 0.447094 0.439898 0.033324 0.067763
4 0.573093 0.481203 0.032575 0.093109
3 0.724831 0.428499 0.022022 0.085345
4 0.585328 0.423447 0.022278 0.063382
4 0.640159 0.450166 0.018599 0.073768
4 0.479171 0.433084 0.017385 0.069817
2 0.735830 0.251656 0.040452 0.135750
5 0.671518 0.320722 0.011168 0.015047