4 0.693376 0.456013 0.047355 0.115976
4 0.127326 0.557597 0.073623 0.131465
4 0.194810 0.448025 0.046172 0.109083
4 0.853469 0.346714 0.034541 0.089601
4 0.314499 0.547208 0.074858 0.132485
4 0.619290 0.364913 0.036681 0.086122
4 0.657410 0.352301 0.043132 0.078321
4 0.869771 0.307961 0.030850 0.069338
6 0.851766 0.214715 0.016665 0.052916
2 0.176328 0.106874 0.352655 0.210851
4 0.605807 0.509245 0.045323 0.137245
4 0.131539 0.447281 0.065340 0.091695
6 0.978625 0.458340 0.041955 0.240176
5 0.079716 0.409612 0.010778 0.017203
3 0.037587 0.093173 0.075169 0.181268
7 0.176328 0.106874 0.352655 0.168681
