2 0.369056 0.312068 0.074755 0.099185
4 0.457231 0.480577 0.049704 0.129803
4 0.688116 0.622477 0.085433 0.150342
4 0.943016 0.380659 0.038830 0.099444
4 0.605826 0.340007 0.047158 0.087536
4 0.404716 0.393696 0.037115 0.098904
6 0.655792 0.294964 0.026184 0.110004
3 0.368995 0.307324 0.034280 0.111864
4 0.238704 0.354359 0.034051 0.096953
4 0.589136 0.286336 0.031486 0.089405
4 0.276941 0.345200 0.036677 0.120341
4 0.481600 0.300490 0.027163 0.091804
5 0.202442 0.195263 0.009751 0.015334
5 0.863691 0.211774 0.010341 0.014040
5 0.261277 0.117165 0.010841 0.020202
5 0.385879 0.850105 0.008140 0.012983
4 0.074134 0.842246 0.148206 0.305563
5 0.415826 0.832456 0.008352 0.013819
4 0.057882 0.870718 0.114741 0.253060