6 0.322836 0.793130 0.064416 0.255313
4 0.471821 0.480401 0.048877 0.156475
4 0.616833 0.387127 0.037506 0.142562
4 0.474113 0.298978 0.029496 0.115158
4 0.677235 0.298648 0.028555 0.100728
4 0.121812 0.320139 0.038209 0.099198
2 0.872252 0.289175 0.077247 0.107672
4 0.800103 0.301800 0.033036 0.096114
4 0.757039 0.283107 0.037040 0.094224
6 0.646378 0.237512 0.020000 0.093635
3 0.839146 0.300238 0.040782 0.098596
4 0.769057 0.274608 0.022773 0.103439
5 0.827606 0.378647 0.009193 0.013286
3 0.848096 0.307328 0.023841 0.088258
5 0.150692 0.358351 0.007283 0.011481
4 0.848150 0.308462 0.023635 0.087954
5 0.406431 0.718133 0.011012 0.017004
7 0.872252 0.289175 0.077247 0.086138
