6 0.208570 0.752403 0.105101 0.341267
2 0.785579 0.353959 0.116516 0.161193
6 0.164164 0.608151 0.066287 0.259961
4 0.459267 0.417442 0.051318 0.172352
4 0.351276 0.388627 0.052360 0.155998
4 0.162473 0.343827 0.037888 0.145748
4 0.596381 0.395114 0.045873 0.166502
4 0.228265 0.407996 0.068222 0.122076
4 0.486926 0.352717 0.052285 0.151377
3 0.703099 0.366911 0.046807 0.147170
6 0.225299 0.362462 0.039794 0.163536
5 0.201411 0.404733 0.008114 0.013747
6 0.230375 0.367836 0.054606 0.174254
5 0.685721 0.529118 0.015903 0.022594