4 0.536836 0.405948 0.044801 0.138007
2 0.533097 0.276776 0.080074 0.112136
4 0.405671 0.367589 0.039804 0.125003
4 0.501037 0.342443 0.038610 0.105212
4 0.548953 0.596143 0.057284 0.151418
4 0.785857 0.401339 0.043663 0.126834
4 0.757199 0.445816 0.044394 0.135263
4 0.448357 0.360768 0.034147 0.097465
3 0.537005 0.302911 0.041341 0.092868
6 0.607005 0.398475 0.041830 0.136811
4 0.241934 0.445031 0.036897 0.145851
4 0.428939 0.320769 0.032526 0.110762
4 0.624050 0.373565 0.046082 0.115999
2 0.161257 0.500000 0.322515 1.000000
7 0.533097 0.276776 0.080074 0.089709
