2 0.136207 0.421508 0.098620 0.126622
4 0.476071 0.487522 0.042754 0.145174
4 0.656007 0.502567 0.046139 0.152727
4 0.915365 0.476980 0.044108 0.131210
4 0.327343 0.468978 0.047837 0.172525
4 0.687857 0.424203 0.037296 0.119493
4 0.605790 0.451070 0.041985 0.125422
4 0.736124 0.413766 0.028293 0.124000
4 0.491059 0.410303 0.041379 0.118926
4 0.634703 0.388169 0.032255 0.115154
5 0.751329 0.279352 0.011919 0.016713
4 0.232805 0.420093 0.044178 0.139628
6 0.588033 0.418302 0.034109 0.130763
4 0.588044 0.419923 0.033823 0.132442
4 0.336089 0.465775 0.034748 0.167543