2 0.669784 0.312001 0.065958 0.083583
4 0.912629 0.471108 0.044008 0.129680
6 0.368265 0.313178 0.028927 0.090713
4 0.635250 0.358295 0.033911 0.092721
4 0.340279 0.609618 0.044609 0.178099
4 0.406755 0.341449 0.033136 0.082886
4 0.472886 0.287209 0.021795 0.083688
4 0.491570 0.351841 0.031379 0.084580
4 0.199554 0.396355 0.039156 0.084332
3 0.672528 0.312383 0.030359 0.089360
4 0.909584 0.328302 0.028713 0.093431
6 0.250452 0.877993 0.078221 0.242820
4 0.889132 0.332729 0.025883 0.084252
5 0.900548 0.745399 0.013203 0.017882
5 0.793502 0.634347 0.011420 0.014999