2 0.295520 0.367258 0.048031 0.062536
4 0.265104 0.550315 0.043789 0.110007
4 0.477033 0.475670 0.038144 0.089274
4 0.817828 0.519485 0.043932 0.104512
4 0.380623 0.500185 0.033464 0.093674
4 0.216500 0.495439 0.036267 0.105392
4 0.386858 0.382939 0.024064 0.064333
1 0.925024 0.728154 0.149951 0.273302
3 0.296521 0.366523 0.021786 0.064738
4 0.432281 0.379033 0.021641 0.059245
6 0.180962 0.419733 0.028237 0.124363
4 0.276247 0.569325 0.033596 0.124093
5 0.181704 0.299556 0.009655 0.013680
5 0.220222 0.248867 0.011447 0.017438
5 0.370270 0.724366 0.007948 0.011843
4 0.081022 0.436043 0.035900 0.074620