4 0.656992 0.558485 0.041109 0.161631
2 0.332204 0.217893 0.043069 0.057278
4 0.287530 0.415865 0.043606 0.098498
4 0.350062 0.364632 0.032164 0.097698
4 0.669029 0.403058 0.035324 0.096401
4 0.455196 0.456275 0.038775 0.106857
4 0.531555 0.295060 0.028322 0.082987
4 0.891914 0.428419 0.035429 0.121283
4 0.634622 0.319986 0.036743 0.073261
3 0.338233 0.220734 0.020164 0.060392
4 0.463123 0.248473 0.020457 0.058033
4 0.603323 0.328970 0.029395 0.090254
5 0.576146 0.460501 0.014827 0.009202
5 0.227513 0.150914 0.007994 0.012938
5 0.449052 0.578247 0.009883 0.013660
5 0.403241 0.538706 0.006908 0.011269
7 0.332204 0.217893 0.043069 0.045822
