2 0.124827 0.312117 0.063584 0.085588
4 0.719605 0.540104 0.039875 0.152779
4 0.544296 0.524934 0.046210 0.158167
6 0.831621 0.430811 0.033620 0.139080
4 0.885957 0.398717 0.028824 0.108351
4 0.304392 0.588987 0.033974 0.194806
1 0.907879 0.696310 0.184194 0.315095
4 0.565910 0.362833 0.025026 0.102417
4 0.146606 0.372145 0.028900 0.104012
4 0.525632 0.450947 0.035704 0.123665
4 0.500778 0.389210 0.026703 0.115354
4 0.478476 0.384681 0.031931 0.120610
3 0.130505 0.317833 0.023641 0.101155
5 0.304764 0.808288 0.006764 0.011561
5 0.018357 0.156399 0.014109 0.022309
5 0.510489 0.205923 0.008745 0.013080