2 0.577046 0.383294 0.059009 0.075042
4 0.329050 0.404970 0.029262 0.065754
4 0.424152 0.421876 0.029177 0.091467
4 0.283110 0.426613 0.042724 0.066023
4 0.676999 0.380441 0.031782 0.082883
4 0.574884 0.394363 0.030459 0.072330
4 0.300543 0.480796 0.029771 0.101721
6 0.809713 0.396423 0.020771 0.102968
4 0.536326 0.392196 0.025219 0.072404
4 0.507566 0.402687 0.030005 0.084378
4 0.505036 0.353922 0.022272 0.058606
4 0.941573 0.795182 0.116853 0.401987
5 0.953751 0.638191 0.012185 0.018323
7 0.577046 0.383294 0.059009 0.060034
