2 0.661302 0.336105 0.058871 0.073301
4 0.703352 0.532005 0.041786 0.129886
6 0.219743 0.440904 0.042458 0.121197
4 0.616673 0.386395 0.028549 0.098249
4 0.719599 0.427572 0.036753 0.090704
4 0.890517 0.459385 0.034935 0.122864
4 0.310959 0.482393 0.034474 0.118619
4 0.756174 0.415727 0.035805 0.072265
4 0.570048 0.363172 0.028263 0.073342
3 0.666345 0.356139 0.033801 0.067248
4 0.564257 0.407465 0.027080 0.076558
6 0.782902 0.412734 0.026193 0.118643
4 0.800788 0.375658 0.032158 0.076359
5 0.838933 0.521445 0.007339 0.013044