6 0.098761 0.452197 0.038819 0.108230
4 0.193591 0.417022 0.030901 0.084275
4 0.736236 0.479608 0.049422 0.089327
2 0.106628 0.331719 0.048267 0.059907
4 0.384845 0.438412 0.027329 0.072871
4 0.420983 0.493327 0.030528 0.104666
4 0.607100 0.444972 0.025145 0.088417
4 0.532291 0.398941 0.020813 0.073194
4 0.345623 0.398786 0.020199 0.070124
4 0.265130 0.367094 0.023806 0.058898
4 0.451748 0.383308 0.019558 0.061289
4 0.140727 0.341333 0.029446 0.052923
4 0.426099 0.365442 0.020284 0.048090
5 0.260481 0.631197 0.008590 0.012725
7 0.106628 0.331719 0.048267 0.047926
