2 0.197832 0.367472 0.059512 0.079374
4 0.627673 0.570745 0.046338 0.142763
3 0.234671 0.374675 0.035600 0.070773
4 0.373174 0.453417 0.030103 0.104359
4 0.270828 0.379285 0.025470 0.085114
4 0.474619 0.428407 0.046000 0.074614
4 0.420058 0.430547 0.029964 0.082128
4 0.447956 0.397446 0.024178 0.088881
4 0.357626 0.390568 0.025015 0.083675
4 0.537097 0.389834 0.021319 0.088197
4 0.489892 0.367719 0.029517 0.097937
6 0.008177 0.428898 0.016239 0.126612
0 0.938476 0.770714 0.121645 0.304044
1 0.939350 0.770220 0.121300 0.301031
5 0.102379 0.220183 0.012286 0.020626
5 0.884988 0.320324 0.009470 0.014731
7 0.197832 0.367472 0.059512 0.063499
