2 0.571770 0.326712 0.049537 0.060599
4 0.521016 0.527224 0.041013 0.143957
4 0.535849 0.383824 0.032710 0.078494
4 0.367879 0.365384 0.031211 0.070677
4 0.298383 0.375417 0.027622 0.078202
6 0.686229 0.334337 0.017015 0.080428
4 0.655455 0.319605 0.027825 0.055681
4 0.524362 0.332150 0.019763 0.057761
4 0.697325 0.373623 0.021606 0.082696
4 0.760036 0.346402 0.019394 0.063473
3 0.566534 0.330426 0.031673 0.055230
5 0.612114 0.338747 0.007353 0.010604
5 0.884283 0.541832 0.009240 0.014532
7 0.571770 0.326712 0.049537 0.048479
