2 0.165778 0.374632 0.086756 0.096105
4 0.753693 0.541796 0.054701 0.160745
4 0.794979 0.478817 0.032832 0.133825
4 0.322223 0.427386 0.032775 0.132115
4 0.960678 0.493036 0.037324 0.138523
4 0.753066 0.437560 0.030730 0.129721
4 0.684600 0.385574 0.024682 0.113521
6 0.192092 0.439228 0.031351 0.143264
4 0.556863 0.446657 0.033803 0.132868
4 0.579792 0.430233 0.036538 0.122841
5 0.677407 0.250462 0.009747 0.016070
5 0.040423 0.170275 0.015665 0.025075
3 0.189548 0.361349 0.037229 0.109438
4 0.569577 0.443173 0.025373 0.132901
5 0.297485 0.231254 0.009954 0.018786