4 0.042810 0.525345 0.047517 0.123110
4 0.520746 0.516909 0.040421 0.147293
2 0.637808 0.271516 0.046503 0.066765
4 0.616697 0.427660 0.036874 0.106424
4 0.641913 0.409840 0.031265 0.111481
4 0.544533 0.424170 0.042295 0.104780
4 0.487663 0.351223 0.032860 0.081857
4 0.700711 0.384810 0.032157 0.102739
6 0.276986 0.307836 0.023211 0.086164
3 0.637266 0.274275 0.023670 0.068581
4 0.572285 0.321003 0.019606 0.081764
4 0.664233 0.370763 0.024611 0.090165
4 0.528831 0.355028 0.028321 0.088417
5 0.485071 0.440441 0.013716 0.012745
5 0.941030 0.488321 0.012023 0.016823
5 0.755740 0.283794 0.006673 0.010253
7 0.637808 0.271516 0.046503 0.053412
