4 0.265010 0.469527 0.040149 0.157128
4 0.506383 0.392515 0.053950 0.126830
6 0.792139 0.841098 0.059212 0.174926
2 0.274275 0.297614 0.067256 0.090688
4 0.179021 0.378652 0.051605 0.117731
4 0.927738 0.546331 0.085948 0.125941
4 0.699824 0.369362 0.040841 0.104126
4 0.402974 0.423844 0.037255 0.118951
6 0.475570 0.260858 0.023053 0.084182
4 0.375133 0.357768 0.029567 0.114935
4 0.281431 0.315620 0.040784 0.121011
4 0.375570 0.307181 0.035045 0.093921
5 0.061907 0.230121 0.011146 0.016204
4 0.227472 0.522481 0.044387 0.126898
5 0.437126 0.573945 0.009539 0.014644
7 0.274275 0.297614 0.067256 0.072550
