4 0.720152 0.510325 0.027544 0.111984
4 0.314820 0.441874 0.020805 0.096986
4 0.204668 0.350682 0.024161 0.074019
4 0.414178 0.401155 0.020324 0.086813
6 0.504331 0.322796 0.015540 0.061379
4 0.331856 0.343386 0.020975 0.051011
4 0.643358 0.399486 0.019199 0.077646
4 0.293466 0.386914 0.024643 0.067669
4 0.469359 0.340785 0.019285 0.058220
2 0.142535 0.333364 0.049199 0.065999
4 0.279208 0.345167 0.017099 0.060337
5 0.056124 0.224127 0.011719 0.018719
4 0.163788 0.344359 0.031693 0.042570
5 0.054642 0.224263 0.011878 0.021238
3 0.163227 0.343632 0.031228 0.045940
5 0.952006 0.311099 0.013758 0.022087
4 0.285071 0.356579 0.029747 0.084146
7 0.142535 0.333364 0.049199 0.052799
