4 0.645318 0.364191 0.038271 0.152160
4 0.419218 0.311784 0.025667 0.113057
4 0.488154 0.301569 0.032398 0.080857
4 0.330601 0.309445 0.027583 0.094166
4 0.327521 0.301624 0.076857 0.072952
4 0.873624 0.685633 0.115429 0.592503
2 0.247147 0.301335 0.068291 0.084229
4 0.676862 0.314980 0.020735 0.081127
4 0.521655 0.286792 0.014397 0.052086
4 0.353013 0.294103 0.025517 0.065417
3 0.188643 0.068525 0.158714 0.133965
2 0.905997 0.810485 0.187300 0.366799
4 0.341152 0.297603 0.049071 0.075486
4 0.350126 0.287466 0.027076 0.074925
7 0.247147 0.301335 0.068291 0.067383
