4 0.484494 0.688217 0.090067 0.261337
2 0.670864 0.164176 0.061546 0.080510
4 0.707001 0.295461 0.041562 0.108763
4 0.366491 0.310877 0.052989 0.116399
4 0.324516 0.339257 0.059797 0.124762
4 0.524787 0.237731 0.038833 0.101545
4 0.756785 0.205050 0.032868 0.102347
4 0.548152 0.212160 0.037410 0.096255
6 0.927964 0.177578 0.030459 0.113717
4 0.382421 0.226052 0.030603 0.082910
3 0.675681 0.173903 0.038002 0.084500
4 0.950089 0.721574 0.099822 0.547566
5 0.710628 0.513360 0.008169 0.013011
5 0.833986 0.186035 0.007187 0.011255