4 0.234728 0.359693 0.024135 0.072453
4 0.173621 0.297908 0.026518 0.069623
4 0.641402 0.377989 0.030575 0.088352
4 0.318471 0.390255 0.027871 0.099722
4 0.842030 0.575851 0.038802 0.145818
4 0.340925 0.454238 0.032222 0.094142
4 0.389764 0.408102 0.026672 0.083041
4 0.273805 0.263758 0.020937 0.054401
6 0.443666 0.650439 0.053916 0.169741
4 0.515829 0.285101 0.017788 0.055758
6 0.420519 0.237113 0.015053 0.045144
3 0.229929 0.251868 0.017737 0.058971
4 0.264446 0.398523 0.031431 0.097661
5 0.725174 0.702495 0.014421 0.027606
2 0.225783 0.253642 0.041712 0.053016
5 0.300749 0.421743 0.007064 0.013776
5 0.516374 0.564464 0.009857 0.014559
7 0.225783 0.253642 0.041712 0.042413
