4 0.826603 0.525802 0.045689 0.118142
4 0.429467 0.330252 0.021491 0.066109
4 0.333688 0.283366 0.017075 0.058438
4 0.549920 0.458281 0.032172 0.113073
4 0.471552 0.284031 0.015446 0.055758
4 0.546124 0.404852 0.032658 0.091908
4 0.571665 0.673776 0.044837 0.073088
5 0.754308 0.715785 0.015170 0.028976
2 0.303390 0.265494 0.031577 0.048271
3 0.304295 0.266262 0.014894 0.051809
4 0.304326 0.266079 0.014840 0.051850
5 0.123047 0.142770 0.010530 0.016581
5 0.044119 0.136663 0.011455 0.018308
7 0.303390 0.265494 0.031577 0.038617
