4 0.671728 0.554182 0.047705 0.139874
4 0.515577 0.490170 0.030190 0.106321
4 0.785949 0.399574 0.034310 0.066925
4 0.493387 0.397712 0.020816 0.080543
4 0.552112 0.387670 0.019875 0.072600
4 0.706466 0.412379 0.027014 0.057421
4 0.639993 0.386172 0.021116 0.069668
4 0.255721 0.546813 0.038000 0.108797
4 0.230817 0.443505 0.033817 0.073854
4 0.579443 0.373952 0.021018 0.061657
3 0.931507 0.383542 0.031533 0.053808
5 0.390516 0.911475 0.011819 0.019912
4 0.105666 0.472345 0.043039 0.104269
1 0.271547 0.691969 0.543094 0.611135
2 0.926927 0.371119 0.051664 0.058802
7 0.926927 0.371119 0.051664 0.047042
