6 0.601778 0.914341 0.091894 0.167623
4 0.530423 0.520416 0.045426 0.129846
4 0.298958 0.396366 0.031163 0.108171
4 0.362290 0.340078 0.029260 0.081206
4 0.244574 0.333633 0.025278 0.072924
4 0.415351 0.332051 0.023938 0.084290
4 0.521868 0.333399 0.021928 0.084298
4 0.531975 0.404700 0.030517 0.110440
4 0.380051 0.340161 0.022337 0.083214
6 0.420869 0.294054 0.022304 0.074440
4 0.399080 0.304702 0.020093 0.069172
4 0.226492 0.334461 0.019495 0.073722
2 0.205143 0.305694 0.057616 0.073532
4 0.211664 0.325690 0.029828 0.058619
4 0.221714 0.333690 0.028634 0.075302
5 0.502964 0.122849 0.010816 0.017146
5 0.265086 0.583403 0.007524 0.012090
7 0.205143 0.305694 0.057616 0.058826
