4 0.396115 0.434777 0.029696 0.056763
4 0.706245 0.542187 0.033403 0.086367
4 0.810760 0.469832 0.030692 0.061217
4 0.334555 0.417717 0.017895 0.054610
4 0.280487 0.434135 0.024014 0.059120
4 0.556766 0.430834 0.020915 0.051612
4 0.509276 0.452115 0.020390 0.070188
4 0.483101 0.386632 0.015123 0.046742
4 0.861372 0.459304 0.018204 0.066012
6 0.212010 0.398831 0.020159 0.055473
4 0.284261 0.384592 0.017612 0.051555
5 0.072765 0.253595 0.010986 0.017563
4 0.479161 0.386516 0.022369 0.045635
4 0.862925 0.446966 0.018618 0.089469