6 0.252767 0.677917 0.069518 0.155483
4 0.425461 0.441329 0.027607 0.081680
4 0.560257 0.553101 0.037475 0.099530
4 0.375518 0.381600 0.017973 0.056956
4 0.285750 0.418197 0.023443 0.079183
4 0.407449 0.465774 0.023740 0.084233
4 0.341936 0.393847 0.019031 0.058292
4 0.399384 0.404239 0.018985 0.057532
4 0.657169 0.423597 0.016031 0.055720
4 0.563909 0.405173 0.025377 0.058353
4 0.321854 0.390584 0.021927 0.056811
4 0.526731 0.386833 0.013342 0.052630
5 0.493283 0.245074 0.010152 0.018982
5 0.019504 0.233046 0.011263 0.016316
2 0.303966 0.151982 0.605775 0.303964
7 0.303966 0.151982 0.605775 0.243171
