4 0.159141 0.489309 0.040928 0.123600
4 0.396663 0.370062 0.027297 0.080574
4 0.331555 0.347437 0.021082 0.079620
4 0.573159 0.366319 0.022475 0.086739
4 0.429988 0.354355 0.023638 0.067263
4 0.555834 0.503302 0.044574 0.119677
4 0.553787 0.363115 0.020535 0.058002
4 0.621818 0.318308 0.020377 0.072531
4 0.532798 0.377173 0.028606 0.081863
4 0.458735 0.357948 0.025428 0.069506
2 0.477889 0.307848 0.047946 0.060754
3 0.480659 0.322205 0.023679 0.057668
3 0.531783 0.071085 0.138067 0.124405
5 0.852451 0.137316 0.006885 0.010151
3 0.222546 0.289104 0.058634 0.100933
7 0.477889 0.307848 0.047946 0.048603
