4 0.400882 0.518918 0.044032 0.142998
4 0.575207 0.291340 0.020277 0.079410
4 0.393463 0.284489 0.024471 0.059711
4 0.715606 0.295210 0.023429 0.065696
4 0.485624 0.328025 0.022005 0.095095
4 0.733657 0.280532 0.021306 0.060924
4 0.535386 0.264375 0.019290 0.053683
4 0.500859 0.329123 0.028321 0.083640
4 0.272524 0.343325 0.026938 0.079335
2 0.713618 0.220461 0.044184 0.054138
5 0.327071 0.674527 0.012724 0.020975
6 0.406118 0.255006 0.017806 0.062332
4 0.406177 0.255348 0.017380 0.062446
5 0.382888 0.202263 0.009532 0.015401
5 0.758985 0.301972 0.006632 0.008706
3 0.706058 0.230872 0.028848 0.038076
3 0.772712 0.044796 0.130447 0.075337
7 0.713618 0.220461 0.044184 0.043310
