6 0.517585 0.744351 0.054254 0.207538
4 0.522479 0.387355 0.035605 0.062915
4 0.530278 0.499303 0.035096 0.097340
4 0.634433 0.454060 0.026641 0.089355
4 0.634661 0.368435 0.023699 0.059249
4 0.479634 0.351929 0.018537 0.049152
4 0.578690 0.360223 0.022110 0.055464
4 0.925274 0.669955 0.147009 0.528001
4 0.607043 0.351386 0.025568 0.063005
4 0.328169 0.411052 0.031244 0.064939
4 0.022349 0.524234 0.040963 0.107942
5 0.195987 0.934420 0.014713 0.022757
4 0.611977 0.339069 0.017238 0.052153
6 0.514330 0.333620 0.013518 0.047870
4 0.514442 0.332882 0.013087 0.046693
5 0.266868 0.337337 0.011312 0.017691