4 0.492113 0.455742 0.028943 0.098300
4 0.597403 0.417628 0.027148 0.078806
4 0.672778 0.510955 0.028495 0.117078
4 0.536654 0.455000 0.026250 0.083881
4 0.519312 0.383481 0.018376 0.067590
4 0.701152 0.536588 0.028993 0.125471
4 0.550692 0.397488 0.017901 0.069600
4 0.463623 0.375611 0.015685 0.066422
4 0.435915 0.437399 0.030923 0.082710
4 0.420013 0.384022 0.020871 0.061421
5 0.125815 0.193735 0.010638 0.016066
5 0.207208 0.203470 0.010270 0.014654
6 0.419269 0.461293 0.027273 0.099804
4 0.800595 0.439500 0.032741 0.081141
2 0.406048 0.375742 0.041004 0.053498
3 0.409537 0.374292 0.024644 0.057674
7 0.406048 0.375742 0.041004 0.042798
