2 0.910967 0.197901 0.050562 0.063277
4 0.798973 0.276402 0.034135 0.085866
4 0.689284 0.394230 0.040288 0.107948
4 0.839825 0.267079 0.029257 0.073048
4 0.124102 0.576832 0.104737 0.135137
4 0.879360 0.447117 0.092274 0.128050
4 0.950253 0.301144 0.030748 0.073640
4 0.625797 0.350352 0.037138 0.087415
4 0.412716 0.486105 0.058088 0.138280
4 0.905230 0.205708 0.029188 0.074317
3 0.904996 0.204553 0.028812 0.075495
1 0.266038 0.558938 0.532075 0.661996
4 0.433714 0.591139 0.094889 0.172378
5 0.551869 0.642173 0.014110 0.019608
7 0.910967 0.197901 0.050562 0.050622
