4 0.083340 0.816429 0.088411 0.217400
4 0.315332 0.453530 0.028943 0.095648
4 0.694352 0.410650 0.023804 0.076763
4 0.515575 0.411959 0.030815 0.079539
4 0.550587 0.506553 0.035121 0.115450
4 0.637925 0.380886 0.021120 0.068592
4 0.903370 0.394482 0.027399 0.056832
4 0.737178 0.392327 0.033943 0.083402
4 0.157865 0.437533 0.022537 0.084827
4 0.506935 0.389753 0.029049 0.077038
4 0.860011 0.390681 0.029747 0.067539
4 0.879312 0.366127 0.027343 0.068147
5 0.431791 0.324977 0.010669 0.016721
3 0.874895 0.360318 0.021938 0.074238
2 0.869484 0.362523 0.046755 0.067145
5 0.334503 0.947553 0.013571 0.019959
4 0.870610 0.372047 0.049553 0.077241
7 0.869484 0.362523 0.046755 0.053716
