4 0.417798 0.581449 0.059240 0.212084
4 0.419694 0.358002 0.041344 0.120475
4 0.458177 0.266049 0.030540 0.085458
4 0.799355 0.477783 0.046487 0.178207
4 0.552943 0.272546 0.024788 0.090523
4 0.297984 0.305737 0.034260 0.088188
6 0.881264 0.260148 0.026119 0.103752
4 0.044096 0.377929 0.037614 0.118525
4 0.484153 0.303321 0.028668 0.079724
4 0.573458 0.272394 0.021273 0.082323
4 0.502883 0.293104 0.029917 0.068742
3 0.633634 0.271212 0.035270 0.075378
2 0.678994 0.259800 0.065031 0.081212
5 0.736057 0.535771 0.010036 0.012795
4 0.633315 0.271986 0.035654 0.073651
5 0.064709 0.266131 0.010295 0.016859
7 0.678994 0.259800 0.065031 0.064970
