4 0.530629 0.535765 0.069179 0.177771
4 0.389577 0.326826 0.036567 0.122483
4 0.333729 0.307585 0.033861 0.089991
4 0.549026 0.314743 0.030729 0.106907
4 0.221633 0.433738 0.041616 0.116660
2 0.476206 0.244208 0.061724 0.076908
4 0.453181 0.296544 0.029710 0.084617
4 0.566813 0.304424 0.028917 0.107040
4 0.684230 0.257295 0.040211 0.081772
6 0.600951 0.305111 0.025039 0.132072
5 0.934049 0.034825 0.009772 0.016022
5 0.631204 0.436139 0.009298 0.013616
3 0.480468 0.252023 0.032133 0.075016
5 0.933156 0.069053 0.009472 0.013774
7 0.476206 0.244208 0.061724 0.061526
