4 0.524341 0.367975 0.043183 0.089375
4 0.676805 0.245120 0.017611 0.067465
4 0.532908 0.254806 0.019753 0.066352
4 0.584179 0.296839 0.027937 0.075655
4 0.398866 0.381693 0.039123 0.095808
4 0.392880 0.250459 0.027098 0.057907
4 0.554970 0.224137 0.017603 0.057631
6 0.549806 0.640256 0.052326 0.136036
5 0.157652 0.846434 0.013360 0.020711
3 0.604260 0.230072 0.018261 0.063967
3 0.656850 0.043776 0.125830 0.077469
4 0.744450 0.277781 0.026163 0.071849
5 0.956201 0.090291 0.009241 0.013311
2 0.605463 0.232050 0.037924 0.057330
7 0.605463 0.232050 0.037924 0.045864
