4 0.492379 0.473410 0.030223 0.084890
4 0.378335 0.532757 0.038365 0.108816
4 0.160779 0.496299 0.025848 0.090402
6 0.675704 0.823271 0.062192 0.150772
4 0.499071 0.391093 0.019425 0.068137
4 0.535998 0.384413 0.016084 0.051185
4 0.589394 0.408660 0.023199 0.078568
4 0.562902 0.387378 0.021777 0.061153
4 0.363760 0.410492 0.034943 0.061359
4 0.610546 0.394650 0.019559 0.082948
5 0.010001 0.439505 0.011567 0.018827
5 0.126128 0.408240 0.010352 0.016851
2 0.286784 0.687558 0.573569 0.624884
4 0.968725 0.725945 0.062551 0.542401
7 0.286784 0.687558 0.573569 0.499907
