4 0.328720 0.476523 0.047237 0.194162
2 0.621068 0.258998 0.056274 0.081637
4 0.283828 0.541084 0.049266 0.185749
4 0.595720 0.314182 0.033699 0.106097
4 0.518936 0.290769 0.039935 0.089867
4 0.478235 0.346563 0.038150 0.120104
4 0.538704 0.259923 0.025809 0.104002
4 0.728433 0.350818 0.041840 0.155601
2 0.163982 0.455345 0.327963 0.910691
4 0.700540 0.310163 0.032994 0.114365
2 0.260513 0.350754 0.518386 0.701508
4 0.904694 0.842632 0.190613 0.311844
5 0.362329 0.553757 0.016410 0.017782
4 0.718632 0.348294 0.064135 0.159772
7 0.621068 0.258998 0.056274 0.065310
