4 0.672375 0.721244 0.067328 0.142878
2 0.736762 0.375022 0.044607 0.055958
4 0.699892 0.859740 0.065054 0.203134
4 0.788538 0.480604 0.044877 0.071326
4 0.909999 0.507648 0.042474 0.084704
6 0.574766 0.381889 0.013737 0.045013
4 0.676199 0.403667 0.023373 0.062850
4 0.516591 0.530557 0.038485 0.078602
4 0.933057 0.407226 0.028859 0.079606
3 0.736571 0.375733 0.023993 0.065158
4 0.693670 0.375547 0.018802 0.054389
5 0.943199 0.595138 0.010139 0.017081
1 0.146253 0.831547 0.290144 0.327344
4 0.756942 0.191187 0.062220 0.067927
4 0.984301 0.514937 0.031398 0.096157
4 0.994931 0.388448 0.010138 0.105504
1 0.410588 0.180685 0.739356 0.361371
7 0.736762 0.375022 0.044607 0.044766
