4 0.552205 0.493549 0.040186 0.172095
4 0.171188 0.684023 0.057064 0.239433
6 0.118682 0.217906 0.018452 0.060851
4 0.300722 0.338429 0.029212 0.114015
4 0.466574 0.429049 0.036877 0.139421
3 0.610249 0.451307 0.036282 0.138921
4 0.195772 0.367856 0.034917 0.107923
6 0.247168 0.508822 0.042814 0.177561
4 0.230219 0.247251 0.025607 0.073037
4 0.343934 0.243022 0.037959 0.068747
4 0.786871 0.390522 0.035858 0.124810
2 0.300684 0.435481 0.540391 0.385226
4 0.352743 0.242382 0.019214 0.065787
7 0.300684 0.435481 0.540391 0.308181
