2 0.672627 0.347159 0.051827 0.064392
4 0.547818 0.401680 0.026755 0.080471
4 0.364942 0.465683 0.030791 0.084432
4 0.654165 0.379812 0.026321 0.084808
4 0.574578 0.391261 0.022981 0.069642
4 0.260099 0.521224 0.032382 0.090699
4 0.719845 0.430956 0.036489 0.098687
6 0.441696 0.381574 0.021956 0.058032
4 0.636193 0.361139 0.021371 0.059280
0 0.052695 0.874919 0.105390 0.245707
4 0.514164 0.387934 0.022025 0.072592
4 0.601298 0.371172 0.025270 0.065834
6 0.514144 0.388428 0.022166 0.072804
1 0.329715 0.208413 0.654706 0.416826
4 0.607829 0.353815 0.015353 0.058484
7 0.672627 0.347159 0.051827 0.051514
