4 0.463763 0.523115 0.048546 0.116499
2 0.670425 0.349409 0.052681 0.062012
0 0.052504 0.879060 0.104203 0.236434
4 0.898333 0.447016 0.043793 0.108462
4 0.515235 0.441236 0.028898 0.100242
3 0.675867 0.358815 0.030543 0.065921
6 0.797425 0.329385 0.018345 0.079729
4 0.614603 0.420410 0.028370 0.083772
4 0.835991 0.416216 0.033230 0.104210
4 0.683550 0.452451 0.027721 0.123089
4 0.703300 0.358805 0.028229 0.079461
4 0.738250 0.355370 0.021900 0.070769
4 0.778751 0.382634 0.031048 0.085639
6 0.611342 0.371353 0.020898 0.076070
1 0.350928 0.193460 0.696743 0.386919
5 0.677226 0.183475 0.007023 0.011316
7 0.670425 0.349409 0.052681 0.049610
