4 0.149594 0.334497 0.030706 0.102411
6 0.012373 0.493443 0.024745 0.172658
4 0.527539 0.311242 0.033618 0.134109
4 0.369217 0.397129 0.032407 0.133676
4 0.583012 0.436106 0.032249 0.179047
4 0.260542 0.302610 0.026438 0.096278
4 0.606056 0.427514 0.037526 0.126204
4 0.562478 0.401544 0.032399 0.133595
6 0.213606 0.213503 0.017900 0.066597
4 0.580184 0.302491 0.034040 0.090863
2 0.315570 0.409458 0.630596 0.437456
4 0.278308 0.221856 0.013676 0.063719
2 0.705212 0.464121 0.071689 0.159724
4 0.578191 0.314686 0.031615 0.067935
4 0.578244 0.334205 0.036759 0.131614
7 0.315570 0.409458 0.630596 0.349965
