2 0.671906 0.348547 0.052354 0.065590
4 0.758407 0.754112 0.073058 0.228535
6 0.167324 0.906315 0.064625 0.182186
0 0.052855 0.877791 0.104928 0.238719
4 0.582112 0.538921 0.037375 0.143420
6 0.834383 0.765676 0.054544 0.230309
4 0.621428 0.408061 0.024787 0.093482
4 0.619141 0.551226 0.039913 0.126820
4 0.440441 0.483149 0.030823 0.106638
4 0.212367 0.606232 0.039819 0.123990
3 0.672641 0.353187 0.031592 0.076447
5 0.795197 0.532259 0.013201 0.024004
4 0.894562 0.610466 0.084287 0.175560
4 0.695622 0.127991 0.062977 0.072195
4 0.912705 0.585570 0.121440 0.227004
6 0.005705 0.547721 0.011410 0.129505
1 0.345246 0.196977 0.684539 0.393953
4 0.881312 0.612540 0.057227 0.170015