2 0.671713 0.347751 0.054521 0.064298
6 0.840895 0.663484 0.095700 0.213071
4 0.412393 0.557119 0.058980 0.112587
4 0.710540 0.638243 0.052043 0.170381
4 0.375659 0.598037 0.037117 0.143200
4 0.637177 0.456893 0.031725 0.106528
4 0.292184 0.512133 0.027580 0.097134
0 0.053134 0.876320 0.105487 0.241030
4 0.384960 0.489576 0.026574 0.106857
6 0.855902 0.661581 0.064182 0.213738
3 0.669186 0.356951 0.027857 0.076484
4 0.048141 0.578428 0.031689 0.104163
4 0.431098 0.488662 0.026690 0.112361
5 0.930336 0.472912 0.010524 0.015052
5 0.677476 0.182615 0.007060 0.010708
4 0.175179 0.816220 0.049550 0.203214
1 0.351780 0.174968 0.697999 0.349936