6 0.496220 0.911781 0.056255 0.172777
4 0.551590 0.447559 0.026082 0.103297
4 0.480507 0.375068 0.024317 0.072219
4 0.644460 0.445526 0.026764 0.087325
2 0.355483 0.333533 0.071974 0.072518
4 0.434140 0.373388 0.027473 0.082584
4 0.632459 0.401636 0.019280 0.085466
4 0.415310 0.384405 0.019520 0.079448
4 0.387793 0.351643 0.026268 0.058287
4 0.366624 0.379084 0.018218 0.086963
4 0.430607 0.322286 0.018047 0.065168
3 0.347187 0.330322 0.016489 0.078071
4 0.347721 0.330779 0.016537 0.077816
0 0.316191 0.466767 0.193015 0.135406
6 0.089394 0.665688 0.178788 0.655383
1 0.316852 0.471135 0.192656 0.130266
5 0.730715 0.115125 0.011729 0.016382
1 0.104850 0.661078 0.209298 0.676685
7 0.355483 0.333533 0.071974 0.058014
