2 0.671714 0.346659 0.053102 0.064778
4 0.547607 0.671867 0.047001 0.190075
6 0.574164 0.352387 0.019969 0.070232
4 0.304307 0.643772 0.043100 0.145324
4 0.509344 0.486661 0.042227 0.110410
4 0.598504 0.401296 0.025484 0.079380
4 0.700965 0.460394 0.034645 0.116249
4 0.666504 0.399655 0.026358 0.095412
4 0.535557 0.381573 0.021783 0.076173
4 0.340066 0.490292 0.032100 0.093110
0 0.052272 0.879428 0.103653 0.235954
4 0.544933 0.435002 0.022966 0.074325
4 0.351806 0.459688 0.026426 0.088043
3 0.665836 0.346856 0.028706 0.065048
5 0.345194 0.671520 0.007726 0.010975
4 0.191501 0.974635 0.030700 0.050244
7 0.671714 0.346659 0.053102 0.051822
