2 0.671194 0.347759 0.053679 0.064241
6 0.877263 0.467587 0.036462 0.128499
4 0.557215 0.411486 0.032996 0.098022
4 0.742518 0.535113 0.035688 0.144966
4 0.595074 0.496777 0.030389 0.120557
0 0.052818 0.879199 0.104798 0.235892
6 0.916761 0.400016 0.025183 0.122666
4 0.738015 0.428879 0.037771 0.104159
3 0.672335 0.349535 0.026568 0.066482
4 0.612258 0.386209 0.022576 0.074682
4 0.770387 0.372905 0.023191 0.091870
6 0.599018 0.396958 0.023384 0.089996
4 0.599705 0.418147 0.023810 0.071113
4 0.974271 0.397540 0.025841 0.119602
1 0.690497 0.440393 0.168041 0.095409
4 0.941348 0.442279 0.047263 0.141893
1 0.348833 0.193799 0.691845 0.387599
4 0.598451 0.389860 0.022192 0.082618