2 0.709856 0.366591 0.047537 0.056799
4 0.894267 0.587705 0.049265 0.151840
4 0.843770 0.575428 0.047811 0.152544
4 0.376684 0.616653 0.043980 0.119621
4 0.555180 0.531604 0.027853 0.111430
4 0.925481 0.401960 0.024644 0.104175
4 0.769258 0.409713 0.036652 0.073779
4 0.844589 0.396251 0.033852 0.064347
4 0.479239 0.467661 0.031963 0.075510
6 0.499321 0.383709 0.012085 0.052179
4 0.633541 0.432183 0.021929 0.074328
4 0.620439 0.374749 0.018844 0.053571
3 0.709574 0.370136 0.025024 0.055817
4 0.731918 0.170062 0.064207 0.068808
1 0.113210 0.849711 0.225176 0.291585
5 0.715120 0.218201 0.006244 0.010081