2 0.672048 0.349068 0.052734 0.062016
4 0.635938 0.544324 0.058495 0.122520
4 0.482705 0.485844 0.032270 0.102348
6 0.058334 0.560461 0.022670 0.098923
3 0.672673 0.358225 0.033642 0.068939
6 0.810837 0.401093 0.022974 0.112931
4 0.928115 0.392703 0.035139 0.091134
4 0.636418 0.398918 0.031351 0.071838
0 0.052394 0.877625 0.103951 0.239887
4 0.776423 0.412675 0.027754 0.097073
4 0.761567 0.417853 0.031942 0.087153
5 0.813237 0.479489 0.010949 0.016956
1 0.490617 0.498793 0.048962 0.084797
1 0.309814 0.199835 0.615233 0.399671
4 0.695417 0.129440 0.063130 0.071060