0 0.052273 0.878501 0.103694 0.236571
2 0.670905 0.347696 0.054132 0.065545
4 0.845431 0.494339 0.039106 0.153023
4 0.170353 0.590288 0.036245 0.130130
6 0.791693 0.320435 0.024492 0.073969
4 0.725289 0.454945 0.038525 0.112840
4 0.246368 0.498582 0.028141 0.096539
4 0.435585 0.489791 0.032565 0.090877
4 0.602409 0.885628 0.067883 0.222942
4 0.781835 0.403327 0.034315 0.074926
4 0.494305 0.412901 0.026647 0.074095
4 0.826745 0.332503 0.025166 0.065634
4 0.874611 0.394174 0.033011 0.083107
3 0.677348 0.347984 0.023208 0.071056
4 0.695536 0.128935 0.063247 0.070330
5 0.626383 0.885737 0.011741 0.014939
1 0.317110 0.200517 0.630515 0.401035