6 0.826648 0.802834 0.053225 0.191923
4 0.452909 0.477019 0.029046 0.112873
2 0.325778 0.345110 0.053333 0.065873
4 0.392772 0.359687 0.018991 0.069909
4 0.527091 0.395065 0.017960 0.073114
4 0.441842 0.352920 0.028008 0.080112
4 0.450491 0.381668 0.020010 0.073309
4 0.907011 0.488138 0.183997 0.085131
4 0.371708 0.385411 0.022928 0.075879
4 0.353684 0.365395 0.022342 0.049056
4 0.369814 0.334968 0.013842 0.060092
4 0.377366 0.385403 0.034451 0.078394
1 0.687966 0.309736 0.624069 0.619471
6 0.080450 0.632934 0.160900 0.689415
5 0.677964 0.148500 0.013319 0.016139
7 0.325778 0.345110 0.053333 0.052698
