1 0.132479 0.844004 0.264933 0.301932
6 0.586655 0.377454 0.012695 0.053146
2 0.724489 0.370392 0.045295 0.057110
4 0.572293 0.588825 0.041235 0.096282
4 0.418224 0.495184 0.036572 0.057263
4 0.565988 0.424682 0.020461 0.075032
4 0.661993 0.407031 0.019617 0.072442
4 0.748235 0.180786 0.061276 0.057912
3 0.721296 0.367735 0.024273 0.071053
4 0.628287 0.471639 0.030419 0.068918
5 0.795555 0.713017 0.012817 0.019477
4 0.868501 0.534833 0.050998 0.107817
1 0.388846 0.198110 0.736369 0.396220
4 0.806339 0.634590 0.046076 0.125208
4 0.816622 0.631779 0.068034 0.132408
7 0.724489 0.370392 0.045295 0.045688
