2 0.672636 0.348330 0.053833 0.062541
4 0.709378 0.532651 0.041474 0.157537
6 0.536240 0.343286 0.015445 0.056441
0 0.052857 0.877084 0.104962 0.240748
6 0.809111 0.873948 0.064633 0.245538
4 0.415837 0.471652 0.029362 0.101083
4 0.630705 0.416042 0.028601 0.097679
4 0.483226 0.414992 0.024534 0.079134
4 0.465020 0.381184 0.026019 0.075911
4 0.625714 0.363492 0.018394 0.056654
4 0.436600 0.391249 0.019593 0.060874
4 0.580227 0.375907 0.024525 0.059743
4 0.604016 0.367402 0.028136 0.060391
4 0.696657 0.126806 0.064360 0.070374
1 0.591907 0.373348 0.056374 0.064526
7 0.672636 0.348330 0.053833 0.050033
