2 0.671189 0.348396 0.053993 0.065236
0 0.052499 0.877558 0.104217 0.239397
4 0.531975 0.532373 0.044742 0.126603
4 0.789007 0.399177 0.043340 0.096177
4 0.606976 0.462817 0.041168 0.109682
4 0.439926 0.451450 0.026007 0.093688
4 0.377588 0.792703 0.060721 0.231487
4 0.524086 0.425031 0.027246 0.097834
4 0.090511 0.601184 0.039246 0.121877
4 0.488917 0.426294 0.024603 0.088448
4 0.149327 0.517908 0.029239 0.094123
6 0.841641 0.537740 0.075653 0.215486
6 0.828081 0.545592 0.048106 0.199906
3 0.679243 0.347940 0.026004 0.071743
4 0.853395 0.483914 0.050046 0.104847
1 0.350387 0.188358 0.695339 0.376716
4 0.695582 0.128389 0.063436 0.073175
5 0.676894 0.183008 0.007184 0.011036