2 0.670390 0.347752 0.054072 0.064438
6 0.917686 0.448325 0.049804 0.128847
4 0.665677 0.640286 0.053081 0.172322
4 0.466360 0.821425 0.067728 0.268189
4 0.505597 0.483602 0.033168 0.101863
3 0.682252 0.364719 0.037637 0.052846
4 0.774669 0.377442 0.035325 0.074735
0 0.052675 0.874049 0.105350 0.246235
4 0.561404 0.410421 0.025891 0.070114
4 0.589830 0.435775 0.029911 0.096386
4 0.749176 0.370508 0.036643 0.082639
4 0.587173 0.392407 0.029973 0.084089
5 0.677217 0.183006 0.006998 0.010883
1 0.348212 0.195442 0.690440 0.390884
7 0.670390 0.347752 0.054072 0.051550
