2 0.670625 0.348423 0.054352 0.064175
4 0.716949 0.580751 0.046427 0.128752
4 0.506570 0.622999 0.042461 0.157289
4 0.351921 0.498845 0.035312 0.112084
6 0.753021 0.541487 0.034608 0.167201
4 0.474672 0.432724 0.024594 0.093364
3 0.671870 0.358723 0.025253 0.066504
4 0.397182 0.530772 0.031824 0.133326
4 0.451389 0.545852 0.029492 0.136455
4 0.044673 0.537227 0.021860 0.100163
0 0.052756 0.877081 0.104717 0.239694
5 0.796335 0.627050 0.015738 0.022743
1 0.705790 0.455501 0.184526 0.154150
1 0.324499 0.204490 0.644318 0.408981