4 0.389977 0.377784 0.030114 0.109758
4 0.451591 0.374063 0.032228 0.108956
6 0.582930 0.327093 0.024923 0.100510
4 0.535328 0.407287 0.030143 0.110519
4 0.571690 0.360856 0.025854 0.116890
4 0.378536 0.286299 0.024276 0.079142
4 0.530716 0.326987 0.032864 0.101682
2 0.612785 0.453068 0.105721 0.131288
3 0.580204 0.462931 0.040721 0.101565
4 0.490298 0.371558 0.031588 0.127963
6 0.261598 0.340523 0.024743 0.133780
4 0.261753 0.343313 0.024938 0.131517
6 0.378505 0.285889 0.022702 0.079246
3 0.611967 0.449048 0.103629 0.125533
2 0.808024 0.568159 0.383952 0.863682
7 0.612785 0.453068 0.105721 0.105030
