4 0.579095 0.600022 0.039925 0.162434
2 0.349960 0.336897 0.053364 0.068834
4 0.497764 0.491811 0.040530 0.096477
4 0.799863 0.527539 0.031973 0.098872
4 0.536514 0.488528 0.048956 0.104006
4 0.309161 0.366127 0.025937 0.070698
4 0.550691 0.409268 0.023276 0.079608
3 0.347464 0.340758 0.029902 0.069220
6 0.418496 0.322122 0.016466 0.066111
4 0.410052 0.352995 0.019185 0.064138
4 0.516454 0.425331 0.027362 0.076179
4 0.932610 0.486934 0.134779 0.102253
4 0.394498 0.376580 0.025363 0.068271
5 0.292379 0.435957 0.010703 0.018909
5 0.730694 0.114990 0.011892 0.016195
0 0.317902 0.470743 0.190275 0.125625
7 0.349960 0.336897 0.053364 0.055067
