6 0.607119 0.780716 0.065963 0.203148
2 0.715007 0.365415 0.046777 0.059583
4 0.573954 0.539932 0.034282 0.121180
4 0.598025 0.422947 0.028599 0.066215
4 0.676120 0.419918 0.023014 0.079991
1 0.119670 0.849731 0.237404 0.289951
4 0.652094 0.396553 0.026611 0.067691
4 0.542964 0.417964 0.021428 0.060442
4 0.590446 0.385543 0.019062 0.064569
4 0.640378 0.366629 0.015421 0.055551
4 0.736653 0.171614 0.060832 0.065204
4 0.178861 0.560637 0.025048 0.089493
6 0.393266 0.436132 0.011795 0.060700
4 0.674685 0.393031 0.018619 0.062843
4 0.899671 0.266951 0.057148 0.123471
1 0.368023 0.204079 0.727206 0.408158
0 0.119918 0.851640 0.238450 0.294331
7 0.715007 0.365415 0.046777 0.047666
