2 0.673189 0.346479 0.051813 0.064774
6 0.097388 0.575552 0.024386 0.111093
4 0.682551 0.524817 0.033802 0.151894
6 0.807382 0.400887 0.023847 0.115928
4 0.518357 0.500824 0.028582 0.123141
0 0.052379 0.879216 0.103940 0.236687
4 0.925814 0.345864 0.032370 0.097981
4 0.652755 0.469322 0.026728 0.126176
4 0.604462 0.381531 0.024791 0.085714
4 0.645887 0.382270 0.024884 0.068827
4 0.545192 0.390778 0.019959 0.084167
4 0.472057 0.438320 0.020524 0.102111
4 0.776728 0.366974 0.022150 0.095766
3 0.666871 0.346522 0.024480 0.065352
4 0.695806 0.128322 0.065746 0.073146
1 0.750644 0.493901 0.276657 0.079242
1 0.348149 0.190423 0.690064 0.380847