4 0.663459 0.280213 0.029758 0.069297
4 0.716600 0.349889 0.024865 0.102605
4 0.799547 0.321728 0.022698 0.093261
4 0.396749 0.239566 0.025037 0.057333
6 0.328095 0.375853 0.023378 0.127849
4 0.678442 0.247130 0.016608 0.062139
4 0.698127 0.234125 0.017810 0.062476
6 0.577613 0.177998 0.010911 0.051076
4 0.629051 0.229630 0.017574 0.057551
4 0.463788 0.233601 0.018513 0.056778
4 0.438009 0.283388 0.029824 0.072809
2 0.416551 0.057432 0.187609 0.114863
5 0.250150 0.665489 0.019626 0.024201
7 0.416551 0.057432 0.187609 0.091890
