2 0.671661 0.348274 0.053345 0.061951
4 0.884248 0.611515 0.056823 0.194818
0 0.052342 0.877783 0.103859 0.239326
4 0.337554 0.608865 0.034282 0.151903
4 0.843700 0.367131 0.044793 0.090062
4 0.826412 0.357269 0.032061 0.080567
4 0.632037 0.415202 0.024947 0.094158
4 0.724693 0.350386 0.021712 0.081838
4 0.595194 0.398262 0.019239 0.087698
3 0.674789 0.351340 0.030359 0.058554
4 0.880849 0.381398 0.023825 0.088040
6 0.878379 0.311006 0.017330 0.069589
4 0.695132 0.129297 0.063290 0.070198
7 0.671661 0.348274 0.053345 0.049561
