2 0.671464 0.348673 0.051345 0.064795
4 0.575938 0.450540 0.027711 0.081419
4 0.311993 0.500228 0.029420 0.093767
6 0.849696 0.335185 0.019341 0.089313
4 0.727791 0.396165 0.025496 0.089116
0 0.052543 0.878394 0.104327 0.238064
4 0.597421 0.368122 0.022203 0.077108
4 0.639114 0.527068 0.037481 0.128089
4 0.503222 0.446817 0.034311 0.078814
4 0.631846 0.372505 0.024227 0.073937
4 0.731975 0.334081 0.024094 0.059561
4 0.677372 0.365232 0.016387 0.069815
3 0.667290 0.357484 0.031017 0.054867
1 0.680913 0.465787 0.160956 0.130821
1 0.313537 0.196841 0.622791 0.393682
4 0.729015 0.320146 0.018148 0.063127