2 0.673251 0.347915 0.052846 0.062469
6 0.526799 0.947950 0.062498 0.104100
4 0.477367 0.481801 0.026851 0.109886
4 0.448200 0.398863 0.024329 0.075058
4 0.488614 0.447781 0.030431 0.095700
0 0.052577 0.870319 0.105154 0.253396
4 0.540875 0.366880 0.021703 0.084124
4 0.632975 0.394686 0.024042 0.097666
4 0.424171 0.391516 0.019547 0.067195
4 0.587682 0.357003 0.019598 0.079438
4 0.597135 0.361038 0.015670 0.075984
4 0.276599 0.439806 0.019918 0.075774
5 0.677239 0.183151 0.007408 0.011944
4 0.696121 0.128218 0.064474 0.070138
1 0.325001 0.201191 0.646622 0.402382
7 0.673251 0.347915 0.052846 0.049975
