2 0.670857 0.348321 0.054878 0.063379
4 0.788541 0.436549 0.039937 0.114655
6 0.935253 0.393812 0.027849 0.114349
4 0.478313 0.505465 0.031103 0.118603
4 0.593128 0.375199 0.025930 0.074215
0 0.052094 0.869495 0.104189 0.255090
4 0.826226 0.339004 0.027839 0.065199
3 0.672714 0.344376 0.032472 0.076087
6 0.248000 0.936317 0.071108 0.125890
4 0.769645 0.360011 0.025529 0.068527
4 0.475889 0.445763 0.027009 0.116730
4 0.696954 0.127298 0.067405 0.069992
4 0.961072 0.423260 0.036465 0.136131
1 0.347269 0.196994 0.688536 0.393987
6 0.475642 0.444009 0.027705 0.109602