6 0.399046 0.815379 0.042155 0.189902
4 0.480472 0.494653 0.031984 0.085377
4 0.569325 0.553226 0.031042 0.089780
4 0.541965 0.435666 0.021639 0.051658
4 0.304797 0.373589 0.022609 0.063861
6 0.446177 0.374997 0.013032 0.048490
2 0.263684 0.365193 0.044294 0.056367
4 0.344123 0.444100 0.022670 0.072164
4 0.625691 0.479961 0.018994 0.046973
4 0.353297 0.418330 0.018127 0.067620
4 0.489825 0.420337 0.037649 0.056939
4 0.737953 0.492970 0.166224 0.078097
4 0.523363 0.414774 0.018353 0.055497
5 0.608174 0.166539 0.014683 0.017070
4 0.503393 0.406361 0.015021 0.046096
7 0.263684 0.365193 0.044294 0.045094
