4 0.394503 0.360092 0.020157 0.079856
6 0.476212 0.329131 0.015735 0.066834
4 0.516563 0.441582 0.029699 0.103093
2 0.346406 0.334302 0.054551 0.066780
6 0.354312 0.914247 0.061400 0.166158
4 0.642377 0.476597 0.027386 0.086393
4 0.251813 0.354150 0.031037 0.090707
4 0.578293 0.369157 0.023592 0.066220
4 0.443116 0.366857 0.033224 0.071758
4 0.934127 0.478989 0.130854 0.101861
4 0.409177 0.349429 0.015667 0.071665
4 0.496771 0.356479 0.017585 0.071071
1 0.316090 0.467195 0.193009 0.134439
4 0.634585 0.392388 0.018225 0.068497
4 0.380131 0.356781 0.019902 0.042863
6 0.083928 0.632651 0.167856 0.682708
7 0.346406 0.334302 0.054551 0.053424
