2 0.672802 0.346650 0.050046 0.064541
4 0.386249 0.569012 0.038819 0.131390
4 0.718747 0.535915 0.048349 0.143573
4 0.766795 0.527992 0.047717 0.150768
0 0.052143 0.876818 0.103460 0.241216
4 0.255144 0.587642 0.034057 0.117548
4 0.839127 0.376944 0.032795 0.088376
6 0.477867 0.349996 0.014205 0.058181
4 0.394751 0.428752 0.023573 0.067524
4 0.568593 0.343517 0.020827 0.053146
4 0.556910 0.389379 0.031674 0.067356
6 0.659372 0.939568 0.063636 0.120734
4 0.639994 0.371216 0.025237 0.064718
4 0.771792 0.345669 0.024059 0.068256
5 0.790129 0.380396 0.007579 0.009890
3 0.668694 0.346364 0.023785 0.070930
1 0.324884 0.210342 0.645444 0.420684
4 0.667785 0.347531 0.023730 0.071165