2 0.671035 0.347633 0.053485 0.064019
4 0.687013 0.521691 0.043825 0.153620
4 0.519540 0.701177 0.052905 0.188981
4 0.260310 0.650581 0.040883 0.150389
4 0.215071 0.522605 0.026488 0.097661
4 0.817604 0.334618 0.026175 0.072484
4 0.319902 0.490922 0.028133 0.110192
4 0.928360 0.348340 0.029469 0.082164
6 0.310459 0.421489 0.012407 0.072586
4 0.563379 0.362500 0.023033 0.055755
4 0.855040 0.327758 0.024121 0.071060
3 0.672788 0.346139 0.029031 0.071401
4 0.695183 0.129020 0.063143 0.067634
1 0.320123 0.205198 0.635312 0.410397