2 0.749753 0.380207 0.043487 0.057602
4 0.870305 0.513744 0.035148 0.108896
4 0.490346 0.570528 0.028518 0.099112
6 0.860494 0.863014 0.053225 0.210386
4 0.772959 0.200128 0.061128 0.062828
4 0.804683 0.389820 0.024555 0.068669
4 0.577588 0.493482 0.020452 0.091298
4 0.948359 0.387399 0.030932 0.067758
4 0.760038 0.471465 0.026366 0.088866
4 0.476625 0.454272 0.021544 0.052165
4 0.659737 0.397985 0.018468 0.051093
3 0.753249 0.385281 0.022112 0.051968
4 0.613879 0.407885 0.019448 0.043089
4 0.614458 0.397806 0.020744 0.063631
6 0.620250 0.376920 0.011741 0.047082
5 0.836439 0.568333 0.008897 0.013799
1 0.350795 0.231649 0.697552 0.463298
7 0.749753 0.380207 0.043487 0.046082
