2 0.670842 0.347623 0.054462 0.065503
4 0.593060 0.515742 0.047072 0.123415
4 0.607974 0.690455 0.052130 0.219200
4 0.231783 0.542948 0.042347 0.113197
4 0.786263 0.398014 0.051302 0.092022
4 0.508642 0.439423 0.033268 0.084133
4 0.528056 0.406570 0.023073 0.086628
4 0.398710 0.444986 0.030964 0.095064
4 0.633101 0.462928 0.030131 0.109740
4 0.358004 0.430453 0.024020 0.085514
6 0.881946 0.347311 0.022155 0.083604
0 0.052009 0.874994 0.104018 0.244192
3 0.677416 0.347428 0.021563 0.068220
5 0.918666 0.433849 0.009594 0.014439
1 0.345171 0.190462 0.683574 0.380923
4 0.696097 0.128133 0.065091 0.070553