4 0.248636 0.784374 0.048680 0.186653
2 0.671412 0.347993 0.054957 0.064967
0 0.052650 0.877979 0.104509 0.238819
4 0.576363 0.494305 0.033607 0.135653
4 0.299873 0.554497 0.043945 0.124368
4 0.464258 0.451619 0.026898 0.088607
4 0.178712 0.558188 0.028145 0.115769
4 0.800579 0.378211 0.031520 0.091136
4 0.484258 0.412219 0.023611 0.089299
4 0.872491 0.384316 0.031330 0.090375
3 0.677351 0.347716 0.023043 0.069945
4 0.695075 0.128694 0.062970 0.072667
4 0.048647 0.536871 0.024258 0.098751
7 0.671412 0.347993 0.054957 0.051974
