2 0.670060 0.349620 0.050603 0.064596
3 0.676315 0.353199 0.029811 0.058897
6 0.821093 0.321585 0.019603 0.075649
0 0.052689 0.869818 0.105379 0.254350
4 0.604111 0.362867 0.023481 0.063885
4 0.699616 0.387931 0.028234 0.074795
4 0.774085 0.330541 0.025433 0.061618
4 0.785663 0.419737 0.028737 0.107433
4 0.625175 0.358383 0.018645 0.078733
4 0.565445 0.520784 0.032691 0.134656
4 0.506971 0.409199 0.022670 0.093530
4 0.751349 0.346030 0.029053 0.065805
4 0.295602 0.475935 0.028952 0.083211
4 0.737811 0.336871 0.019513 0.067734
5 0.805487 0.374904 0.006718 0.012646
5 0.804787 0.373577 0.006752 0.014026
1 0.344636 0.196433 0.682879 0.392866
7 0.670060 0.349620 0.050603 0.051677
