2 0.671764 0.346994 0.055108 0.066976
4 0.417762 0.770482 0.063148 0.198735
0 0.052930 0.876228 0.105860 0.241853
4 0.563669 0.447913 0.030863 0.097619
4 0.483866 0.840435 0.062503 0.230724
6 0.920923 0.336548 0.026707 0.082098
4 0.106970 0.549185 0.042408 0.083181
4 0.471192 0.361258 0.025048 0.063113
4 0.867398 0.368895 0.033150 0.084925
4 0.655781 0.378286 0.026863 0.064377
4 0.736591 0.325374 0.023794 0.069184
4 0.832678 0.399558 0.032277 0.103726
3 0.676201 0.344160 0.028760 0.073866
4 0.695989 0.129256 0.064952 0.072061
1 0.335836 0.197925 0.667950 0.395850