4 0.632663 0.411446 0.058346 0.121118
2 0.516386 0.296432 0.072271 0.092059
4 0.428190 0.568311 0.082044 0.200802
6 0.723587 0.358812 0.040604 0.145517
4 0.186054 0.324507 0.067361 0.090259
4 0.391027 0.378763 0.036487 0.109426
4 0.515399 0.384111 0.041097 0.154180
4 0.473079 0.335275 0.044785 0.100407
4 0.126138 0.396319 0.039313 0.119960
4 0.469569 0.407073 0.044499 0.111393
4 0.579860 0.364192 0.048545 0.110518
3 0.505644 0.304988 0.044785 0.083204
4 0.136025 0.254119 0.055961 0.039591
5 0.572414 0.811448 0.010900 0.015567