4 0.121416 0.473664 0.040198 0.079551
4 0.541578 0.462806 0.024506 0.076054
4 0.182965 0.511214 0.027408 0.112054
4 0.418615 0.495301 0.020035 0.083851
4 0.440178 0.423535 0.015849 0.044068
4 0.568485 0.434593 0.019000 0.041535
4 0.646535 0.462903 0.022349 0.074621
5 0.090047 0.183992 0.009417 0.015556
5 0.837934 0.176606 0.012411 0.021819
5 0.072559 0.180966 0.008726 0.012538
4 0.412865 0.444171 0.026416 0.057292
6 0.058117 0.869365 0.089884 0.257249
5 0.202270 0.382917 0.009071 0.015194
2 0.663600 0.462822 0.060533 0.068781
5 0.713242 0.111528 0.015570 0.034563
5 0.015369 0.165474 0.008579 0.013449
5 0.547752 0.936857 0.010462 0.017107
5 0.035302 0.171788 0.008617 0.013257
5 0.303738 0.265385 0.008561 0.014240
4 0.058084 0.868762 0.090142 0.258334
7 0.663600 0.462822 0.060533 0.055025
