4 0.499310 0.583689 0.045256 0.174628
4 0.078672 0.466750 0.046999 0.138887
4 0.791252 0.357589 0.023907 0.069138
4 0.354609 0.388808 0.026240 0.103152
4 0.283924 0.361179 0.027184 0.098351
6 0.625176 0.311086 0.016250 0.063381
4 0.468619 0.356662 0.022603 0.084315
4 0.592027 0.372751 0.019283 0.091622
4 0.817192 0.417408 0.026281 0.094566
4 0.688747 0.340460 0.018303 0.067399
4 0.409897 0.296878 0.014981 0.061850
5 0.040628 0.063344 0.008598 0.012819
5 0.123557 0.634141 0.008520 0.012980
5 0.058467 0.061850 0.007355 0.012006
5 0.022541 0.065096 0.009339 0.013042
2 0.835948 0.351771 0.048216 0.063863
3 0.835783 0.350596 0.047656 0.066065
3 0.834451 0.350041 0.023256 0.058835
5 0.022492 0.065583 0.011034 0.016979
7 0.835948 0.351771 0.048216 0.051090
