4 0.068432 0.435770 0.062434 0.155002
2 0.714827 0.420994 0.098429 0.129925
4 0.178775 0.390554 0.034467 0.147557
4 0.271945 0.473317 0.060770 0.186707
3 0.638452 0.396745 0.040910 0.136860
4 0.591084 0.503991 0.041472 0.163799
4 0.351395 0.379213 0.028696 0.125935
6 0.524053 0.371656 0.031737 0.137240
6 0.234364 0.750426 0.108340 0.374281
4 0.433293 0.416401 0.038816 0.143054
4 0.570067 0.437063 0.034323 0.148150
4 0.316198 0.378095 0.033790 0.130201
4 0.592876 0.435135 0.031261 0.131977
4 0.007258 0.494146 0.014517 0.153834
5 0.483253 0.697102 0.007117 0.010150
7 0.714827 0.420994 0.098429 0.103940
