4 0.717046 0.508761 0.061668 0.187288
4 0.331033 0.488890 0.067671 0.182152
4 0.655391 0.457215 0.053010 0.147917
6 0.015714 0.239244 0.031423 0.113759
2 0.677487 0.266728 0.062810 0.073781
4 0.471701 0.284751 0.027022 0.098581
4 0.114284 0.299666 0.035746 0.105223
4 0.600216 0.295272 0.029671 0.077961
4 0.571513 0.293257 0.029469 0.090760
4 0.964320 0.383958 0.047092 0.104455
6 0.929519 0.328943 0.039054 0.119969
4 0.887341 0.360507 0.033464 0.102320
5 0.085204 0.163589 0.009106 0.016175
3 0.674832 0.274321 0.041737 0.072412
5 0.071684 0.596554 0.009855 0.011383
4 0.674860 0.275440 0.039703 0.073980
5 0.598751 0.480350 0.006811 0.011057
7 0.677487 0.266728 0.062810 0.059025
