4 0.258126 0.344551 0.032085 0.105830
4 0.106040 0.363639 0.032794 0.087890
4 0.743925 0.363979 0.026822 0.067056
4 0.503360 0.334541 0.023970 0.072713
4 0.578439 0.305603 0.020023 0.057219
4 0.789489 0.373726 0.029319 0.069933
5 0.078012 0.258344 0.009629 0.014221
4 0.941243 0.588963 0.078699 0.130103
4 0.946771 0.551615 0.090037 0.206129
5 0.146789 0.057618 0.008569 0.012409
3 0.949015 0.345472 0.028903 0.066240
2 0.966613 0.351804 0.066775 0.093991
2 0.967545 0.302652 0.064909 0.202623
7 0.966612 0.351804 0.066775 0.075193
