2 0.778249 0.406159 0.095481 0.128959
4 0.189804 0.471583 0.052319 0.191354
4 0.541218 0.398118 0.033677 0.143995
4 0.306288 0.403827 0.046909 0.173855
6 0.489959 0.359137 0.030992 0.130082
4 0.061096 0.375824 0.029596 0.144136
4 0.661745 0.400270 0.030477 0.124302
4 0.624189 0.351038 0.019887 0.105349
4 0.697613 0.422428 0.035070 0.132561
4 0.282358 0.351240 0.031573 0.128130
4 0.405615 0.392923 0.031974 0.124738
4 0.414733 0.369620 0.038681 0.123665
5 0.555026 0.666750 0.008616 0.012654
4 0.315332 0.400122 0.065239 0.175703
7 0.778249 0.406159 0.095481 0.103167
