2 0.727025 0.416134 0.089765 0.115391
4 0.628023 0.456971 0.040358 0.150122
4 0.201770 0.433814 0.042779 0.150428
4 0.296870 0.384829 0.051617 0.130656
4 0.339775 0.414938 0.033157 0.150623
6 0.465900 0.428621 0.044052 0.161981
4 0.257136 0.416196 0.037442 0.138741
4 0.386487 0.431030 0.034625 0.155655
4 0.648295 0.397120 0.026592 0.120104
5 0.039283 0.048495 0.009970 0.016762
4 0.070045 0.377529 0.031738 0.134024
4 0.394826 0.425292 0.049261 0.156535
5 0.593267 0.433775 0.008967 0.015412
3 0.648844 0.397286 0.025970 0.121907
4 0.213599 0.349996 0.030587 0.104329
5 0.519688 0.660976 0.009015 0.010369
4 0.256024 0.363184 0.033643 0.151586