2 0.679031 0.299697 0.084875 0.111726
3 0.603596 0.296839 0.039555 0.100212
4 0.041862 0.308882 0.041298 0.136212
6 0.357626 0.660673 0.088705 0.366313
4 0.615172 0.549851 0.052125 0.237946
4 0.080206 0.247620 0.033159 0.105490
4 0.227040 0.326940 0.032489 0.139584
4 0.526695 0.317290 0.030441 0.125013
4 0.329085 0.286791 0.038574 0.161436
4 0.480250 0.330604 0.040645 0.118756
4 0.505817 0.281824 0.025738 0.097610
6 0.478473 0.231850 0.017255 0.100101
5 0.484166 0.533511 0.010008 0.014090
7 0.679031 0.299697 0.084875 0.089381
