4 0.755209 0.466282 0.025916 0.088971
4 0.632406 0.454437 0.025173 0.078937
4 0.573032 0.402859 0.021050 0.065049
4 0.336186 0.550330 0.037330 0.146985
4 0.395163 0.419952 0.021707 0.085936
4 0.544431 0.410126 0.018942 0.065201
4 0.687592 0.437289 0.053374 0.082606
4 0.315244 0.382110 0.017531 0.072238
5 0.009285 0.104445 0.010407 0.015507
6 0.784392 0.536318 0.043699 0.154352
5 0.029010 0.107265 0.008853 0.015132
4 0.036732 0.374000 0.034068 0.093675
4 0.783982 0.536130 0.043095 0.156250
2 0.704736 0.402785 0.047198 0.044625
7 0.704736 0.402785 0.047198 0.035700
