4 0.915343 0.537815 0.069033 0.144112
4 0.753830 0.533482 0.051070 0.138791
4 0.432010 0.542819 0.059194 0.156555
4 0.485392 0.389911 0.031580 0.084545
4 0.061615 0.407916 0.036824 0.124587
2 0.795971 0.363285 0.053415 0.071429
4 0.712725 0.404931 0.031482 0.091437
6 0.161981 0.308427 0.021742 0.083169
4 0.692921 0.378160 0.028893 0.082445
4 0.958424 0.435770 0.041626 0.092245
3 0.791536 0.360148 0.024523 0.071170
5 0.645769 0.850130 0.011798 0.020459
5 0.306687 0.259598 0.009346 0.014776
7 0.795971 0.363285 0.053415 0.057143
