4 0.566421 0.603394 0.078093 0.226402
4 0.979992 0.455995 0.039747 0.158097
4 0.523222 0.409788 0.048063 0.133052
4 0.628022 0.432310 0.041098 0.134503
4 0.548680 0.370362 0.033461 0.118177
6 0.307083 0.453710 0.043933 0.172505
4 0.386034 0.453999 0.071403 0.128151
4 0.429294 0.389012 0.028624 0.095357
4 0.396101 0.383647 0.044613 0.097822
3 0.486579 0.366168 0.074096 0.093370
5 0.057289 0.653318 0.013046 0.018707
4 0.489695 0.367170 0.050120 0.093728
5 0.548098 0.830774 0.008557 0.011708
2 0.488232 0.365033 0.075892 0.095916
7 0.488232 0.365033 0.075892 0.076733
