4 0.744083 0.423889 0.056199 0.098584
4 0.769107 0.489465 0.052424 0.136430
4 0.527240 0.320543 0.035317 0.074087
4 0.674996 0.560384 0.060703 0.181847
4 0.713700 0.492323 0.036900 0.161573
4 0.599975 0.392768 0.042620 0.102053
2 0.745140 0.306618 0.053866 0.071947
4 0.818199 0.482762 0.049655 0.155453
4 0.138855 0.353207 0.037422 0.112870
6 0.623577 0.271205 0.017099 0.071998
4 0.121001 0.404372 0.044149 0.126312
5 0.843013 0.537490 0.009320 0.014953
3 0.743932 0.305413 0.026215 0.072056
5 0.603735 0.791543 0.010252 0.016993
4 0.907512 0.473304 0.058068 0.113804
1 0.088918 0.478859 0.176349 0.182595
7 0.745140 0.306618 0.053866 0.057558
