4 0.184038 0.528679 0.036826 0.115965
4 0.435947 0.471422 0.023738 0.103882
4 0.290041 0.460890 0.023213 0.089395
6 0.631776 0.500592 0.031249 0.114642
4 0.367210 0.434128 0.023878 0.081424
4 0.332815 0.423776 0.018801 0.068490
4 0.345009 0.446154 0.025203 0.079612
4 0.657688 0.489527 0.025267 0.102000
3 0.513141 0.448226 0.025365 0.078021
5 0.069914 0.209866 0.009333 0.012983
5 0.045807 0.145846 0.009068 0.012832
4 0.707997 0.475317 0.022017 0.090036
5 0.943374 0.899908 0.015277 0.021352
2 0.546325 0.454335 0.082992 0.080731
5 0.113192 0.158718 0.011215 0.014199
5 0.063232 0.149308 0.008648 0.013465
7 0.546325 0.454335 0.082992 0.064585
