4 0.368958 0.487214 0.034424 0.110368
6 0.040754 0.396490 0.025464 0.112299
4 0.658397 0.475639 0.029866 0.092823
4 0.667989 0.434239 0.025015 0.076108
4 0.136364 0.403216 0.023371 0.081998
4 0.515002 0.411854 0.031663 0.091090
2 0.761241 0.419177 0.060078 0.086601
3 0.717036 0.420607 0.029801 0.067304
4 0.283165 0.373794 0.017458 0.072256
5 0.020822 0.071673 0.009868 0.014117
4 0.446058 0.420277 0.029235 0.071856
4 0.383529 0.381815 0.036400 0.077586
5 0.061893 0.082126 0.008977 0.015858
5 0.624303 0.448031 0.010155 0.010923
5 0.082064 0.085370 0.008952 0.018016
5 0.324018 0.179430 0.008488 0.014346
5 0.287917 0.085099 0.013986 0.014382
7 0.761241 0.419177 0.060078 0.069281
