4 0.938482 0.500650 0.045599 0.155210
2 0.314808 0.404439 0.065060 0.079408
6 0.123780 0.411676 0.027552 0.116883
4 0.634212 0.504636 0.052098 0.164450
4 0.614153 0.544738 0.042005 0.161560
4 0.745161 0.452080 0.042065 0.109226
4 0.656165 0.442778 0.027298 0.121341
4 0.360472 0.417105 0.025691 0.102020
4 0.391206 0.407484 0.027774 0.088596
4 0.453322 0.439085 0.023906 0.126704
4 0.434209 0.432668 0.028675 0.130929
5 0.840179 0.214809 0.012507 0.017556
4 0.432218 0.415900 0.024666 0.096509
7 0.314808 0.404439 0.065060 0.063526
