4 0.697448 0.753326 0.094477 0.353863
4 0.826644 0.512387 0.059937 0.155241
2 0.527154 0.391404 0.073793 0.083088
4 0.652391 0.474135 0.046480 0.146596
6 0.235821 0.374271 0.029860 0.110463
4 0.451550 0.412604 0.031406 0.106944
4 0.220019 0.453339 0.035562 0.132421
4 0.871162 0.431789 0.037623 0.113183
4 0.786562 0.444258 0.040063 0.118516
4 0.964041 0.434340 0.030839 0.143846
3 0.532288 0.404097 0.034237 0.082438
4 0.808392 0.422708 0.031849 0.092543
4 0.008547 0.544606 0.017093 0.206213
5 0.674008 0.546586 0.012399 0.020987
6 0.979896 0.493384 0.026854 0.401849
7 0.527154 0.391404 0.073793 0.066470
