4 0.652720 0.539343 0.064858 0.164044
6 0.090762 0.388528 0.028749 0.109148
2 0.286362 0.384145 0.065356 0.073917
4 0.934492 0.443155 0.041772 0.128239
4 0.353802 0.398456 0.026794 0.089998
4 0.785579 0.444599 0.044607 0.114839
4 0.379426 0.400600 0.036882 0.084799
4 0.519599 0.433332 0.034425 0.120226
4 0.427204 0.382565 0.025874 0.083912
4 0.552355 0.389721 0.020448 0.093369
4 0.672305 0.437330 0.040102 0.105583
4 0.583486 0.392620 0.025997 0.083687
5 0.702180 0.547804 0.014618 0.025196
3 0.327692 0.390195 0.027642 0.072752
5 0.756140 0.193822 0.013504 0.016422