2 0.796048 0.404843 0.082882 0.098933
4 0.740741 0.500766 0.044663 0.169476
4 0.116286 0.510628 0.039867 0.198327
4 0.523265 0.409542 0.034985 0.099114
4 0.280429 0.394108 0.033026 0.104808
4 0.370153 0.395929 0.026944 0.096551
4 0.152641 0.412387 0.027685 0.096040
4 0.029041 0.370623 0.057135 0.060332
4 0.692419 0.406856 0.031619 0.098967
4 0.433347 0.386842 0.034967 0.072010
4 0.729609 0.401754 0.040139 0.111068
4 0.729992 0.418777 0.039039 0.077397
4 0.379843 0.377602 0.022573 0.091571
5 0.408698 0.421261 0.007682 0.012288
7 0.796048 0.404843 0.082882 0.079146
