4 0.698027 0.479304 0.047516 0.129902
2 0.045559 0.407234 0.079389 0.088408
4 0.226293 0.441737 0.039485 0.106826
6 0.741187 0.829671 0.107711 0.334940
4 0.613340 0.738042 0.067970 0.305635
4 0.334755 0.451395 0.043308 0.114781
4 0.453095 0.471815 0.038186 0.119416
4 0.121842 0.415530 0.043680 0.075942
4 0.499274 0.436398 0.034728 0.122085
4 0.304008 0.438068 0.027175 0.103402
4 0.845013 0.450788 0.032182 0.139445
4 0.388071 0.415821 0.030481 0.087553
6 0.783382 0.405078 0.020443 0.127217
4 0.451303 0.401145 0.028846 0.069096
7 0.045559 0.407234 0.079389 0.070726
