2 0.887626 0.400138 0.086365 0.101168
4 0.785586 0.424318 0.040312 0.139619
4 0.559483 0.408734 0.043622 0.077906
4 0.280193 0.466421 0.039999 0.125326
4 0.633525 0.434197 0.035849 0.104775
4 0.163745 0.427657 0.038755 0.099144
4 0.436448 0.388726 0.027320 0.088553
4 0.395510 0.391273 0.031048 0.084884
4 0.511390 0.413926 0.043476 0.086249
4 0.707407 0.410457 0.033383 0.103983
6 0.501429 0.390362 0.028036 0.106025
4 0.720196 0.422039 0.027728 0.096744
4 0.818049 0.397287 0.027194 0.096304
3 0.817832 0.396410 0.027314 0.098099
4 0.501162 0.391263 0.028013 0.107876