4 0.305961 0.676502 0.085226 0.269213
4 0.567744 0.469890 0.039293 0.155456
2 0.477298 0.389347 0.064192 0.075773
4 0.871054 0.446392 0.048948 0.133311
4 0.422684 0.399272 0.030962 0.097998
4 0.483805 0.401437 0.026794 0.091191
4 0.728388 0.427929 0.034455 0.124186
4 0.192663 0.417068 0.033963 0.092052
4 0.305098 0.438254 0.039016 0.118739
4 0.159887 0.424997 0.035240 0.106823
4 0.387513 0.411873 0.032971 0.114966
6 0.092647 0.396562 0.025773 0.126296
4 0.464723 0.394153 0.027219 0.076927
7 0.477298 0.389347 0.064192 0.060618
