4 0.030603 0.460448 0.058679 0.183358
4 0.553319 0.491400 0.074022 0.235767
2 0.271630 0.257387 0.053570 0.062543
4 0.189106 0.419247 0.057703 0.140479
4 0.150679 0.571612 0.070691 0.225069
4 0.496401 0.822773 0.126546 0.337916
6 0.128080 0.274313 0.028861 0.100293
4 0.310778 0.296810 0.029740 0.091287
4 0.442115 0.288451 0.026352 0.079723
3 0.271952 0.262383 0.025096 0.065563
4 0.903648 0.302455 0.026408 0.087617
5 0.321795 0.473009 0.016276 0.029686
4 0.864229 0.281490 0.021648 0.074762
7 0.271630 0.257387 0.053570 0.050034
