2 0.103114 0.445497 0.078928 0.087174
4 0.677798 0.683449 0.081053 0.278352
4 0.926271 0.428605 0.047712 0.120289
4 0.783618 0.638909 0.058191 0.249025
4 0.741358 0.468115 0.030524 0.127238
4 0.791142 0.449752 0.030400 0.117531
3 0.105169 0.434820 0.034712 0.106414
4 0.020460 0.434320 0.026283 0.098013
6 0.427124 0.450733 0.027354 0.124997
0 0.942775 0.827501 0.114450 0.326375
4 0.981469 0.486462 0.030714 0.134349
5 0.529490 0.072900 0.016139 0.016520
5 0.950333 0.208576 0.010473 0.015512
5 0.104623 0.088815 0.009258 0.015160
5 0.030472 0.474592 0.008146 0.014620