4 0.867818 0.536175 0.084321 0.193286
2 0.440059 0.336386 0.068636 0.090764
4 0.120987 0.509139 0.059385 0.218140
4 0.816291 0.422882 0.040982 0.165228
4 0.742575 0.398140 0.039627 0.151036
4 0.557326 0.344103 0.029849 0.106365
4 0.385087 0.381140 0.033453 0.139483
4 0.588139 0.356889 0.030635 0.107168
4 0.726400 0.468458 0.050354 0.207021
6 0.518235 0.302793 0.025649 0.120804
4 0.469604 0.356501 0.049930 0.086647
3 0.470022 0.356288 0.049615 0.086981
5 0.668507 0.485959 0.014501 0.019223
4 0.736430 0.321834 0.026072 0.070917
7 0.440059 0.336386 0.068636 0.072611
