2 0.832693 0.200193 0.076362 0.083484
4 0.490141 0.339056 0.047104 0.188290
4 0.688929 0.450285 0.066706 0.272450
4 0.853111 0.542751 0.078025 0.357950
4 0.342840 0.305443 0.050034 0.164526
4 0.440735 0.279330 0.041548 0.155806
6 0.160004 0.229425 0.038541 0.138436
4 0.372216 0.604112 0.096319 0.354593
6 0.632574 0.560017 0.083421 0.425621
4 0.301240 0.406379 0.048852 0.252942
0 0.049232 0.572923 0.098464 0.305386
3 0.822370 0.193231 0.034211 0.090645
4 0.338298 0.455528 0.065219 0.215155
5 0.413864 0.552541 0.015204 0.022958