2 0.761025 0.424137 0.076980 0.089029
4 0.408093 0.608416 0.065431 0.237050
4 0.432851 0.494284 0.052910 0.122858
6 0.362090 0.400291 0.031876 0.100314
4 0.833939 0.437472 0.033512 0.120316
4 0.099370 0.458619 0.047827 0.100695
4 0.556328 0.418120 0.032200 0.091254
4 0.583916 0.443142 0.030450 0.113585
4 0.605702 0.413362 0.025965 0.098778
4 0.672565 0.447607 0.038719 0.118076
4 0.035957 0.410358 0.069195 0.060256
4 0.705465 0.425562 0.024683 0.091793
4 0.687689 0.440486 0.029556 0.114262
3 0.705162 0.425729 0.024986 0.092532