6 0.288601 0.667371 0.048684 0.207555
2 0.662500 0.267690 0.058143 0.065962
4 0.496342 0.442809 0.044827 0.098832
6 0.410759 0.281111 0.015152 0.071562
4 0.192942 0.428310 0.029997 0.090274
4 0.508249 0.321452 0.025789 0.089561
4 0.592124 0.375822 0.027140 0.107113
4 0.437481 0.354877 0.021576 0.095366
4 0.578311 0.299805 0.021157 0.070393
3 0.649449 0.281573 0.036894 0.063663
4 0.607035 0.307679 0.031089 0.070585
4 0.608848 0.284823 0.032805 0.072163
1 0.047455 0.782949 0.094809 0.347392
4 0.739265 0.061749 0.118902 0.085193
4 0.935788 0.608757 0.128425 0.782020
4 0.955543 0.709035 0.088914 0.570584
4 0.615479 0.282598 0.020388 0.069540
4 0.962274 0.608182 0.075258 0.781849
5 0.582191 0.349373 0.011296 0.022367
7 0.662500 0.267690 0.058143 0.052770
