2 0.345961 0.277880 0.060064 0.067593
4 0.821299 0.439421 0.029840 0.113581
4 0.094682 0.330626 0.033916 0.095297
4 0.159699 0.338480 0.030039 0.105314
4 0.523266 0.490564 0.040114 0.115219
4 0.434722 0.333109 0.025680 0.080371
4 0.472784 0.300020 0.029326 0.083978
4 0.417830 0.342923 0.021972 0.086034
6 0.099048 0.264207 0.019705 0.062932
4 0.365747 0.303661 0.042805 0.050135
4 0.053080 0.517349 0.105838 0.897765
4 0.129994 0.768716 0.151540 0.420211
4 0.510475 0.382468 0.038501 0.098216
5 0.148093 0.970727 0.015474 0.020805
1 0.956801 0.781576 0.084956 0.327009
4 0.161381 0.778171 0.096075 0.371996
4 0.414944 0.300995 0.023744 0.085465
5 0.150218 0.971700 0.021384 0.023362
4 0.173454 0.848721 0.233228 0.288531
4 0.229994 0.850902 0.114103 0.289331
4 0.311206 0.911668 0.130886 0.173517
4 0.515794 0.421104 0.033709 0.115657
7 0.345961 0.277880 0.060064 0.054074
