6 0.061846 0.423314 0.040102 0.108020
2 0.234799 0.318360 0.047088 0.059315
4 0.569890 0.429901 0.027572 0.077643
1 0.838865 0.693122 0.322270 0.333871
4 0.540472 0.386467 0.025634 0.063740
4 0.855739 0.576474 0.034628 0.098575
4 0.833728 0.474685 0.029949 0.089998
4 0.322151 0.389232 0.029180 0.069106
4 0.190203 0.360139 0.024466 0.078799
4 0.698312 0.461961 0.024731 0.087792
4 0.510132 0.363490 0.019498 0.066626
4 0.413591 0.329794 0.024093 0.050977
4 0.470454 0.325379 0.019915 0.053386
3 0.271747 0.322688 0.018974 0.060244
4 0.272074 0.322785 0.019352 0.059784
4 0.253226 0.916890 0.139173 0.160033
4 0.184888 0.868497 0.119641 0.245634
4 0.058178 0.800394 0.116181 0.396005
6 0.608919 0.285653 0.026634 0.074906
5 0.074605 0.938851 0.019640 0.021937
4 0.092334 0.844943 0.184669 0.299561
4 0.245960 0.894947 0.160867 0.203374
7 0.234799 0.318360 0.047088 0.047452
