2 0.646852 0.259627 0.058064 0.065631
4 0.522465 0.475870 0.039687 0.158696
4 0.631265 0.332402 0.029708 0.108442
4 0.426423 0.300185 0.017601 0.089261
6 0.552749 0.229997 0.017045 0.071557
4 0.540734 0.243111 0.018901 0.069062
4 0.596608 0.275440 0.021445 0.084237
4 0.577049 0.270783 0.021907 0.082748
4 0.408998 0.390128 0.034417 0.120200
4 0.611976 0.336916 0.022632 0.103876
4 0.919640 0.587110 0.160720 0.825781
4 0.614834 0.283145 0.023446 0.076447
4 0.614404 0.317402 0.024903 0.145601
4 0.811170 0.819731 0.377661 0.354949
4 0.406319 0.370836 0.036528 0.131542
7 0.646852 0.259627 0.058064 0.052505
