4 0.434113 0.334237 0.030540 0.079116
2 0.339219 0.278464 0.055492 0.068380
4 0.905342 0.426828 0.027573 0.097568
4 0.637205 0.394685 0.027040 0.096273
4 0.870852 0.765836 0.067450 0.206918
4 0.821359 0.448171 0.032232 0.101696
6 0.739459 0.330538 0.016096 0.069470
4 0.391869 0.343870 0.022625 0.082580
4 0.496646 0.362190 0.029220 0.086032
4 0.362529 0.304420 0.035195 0.047684
4 0.515809 0.357733 0.022364 0.097292
4 0.192438 0.833297 0.118049 0.317848
5 0.286320 0.301920 0.012370 0.019477
4 0.260935 0.880595 0.112361 0.229940
4 0.049457 0.583771 0.098308 0.832457
1 0.951262 0.785781 0.097218 0.354643
4 0.078195 0.568854 0.156389 0.861406
4 0.136352 0.747322 0.197110 0.497658
4 0.151235 0.806889 0.202747 0.372718
4 0.106321 0.751623 0.146561 0.491567
7 0.339219 0.278464 0.055492 0.054704
