4 0.510510 0.655296 0.059936 0.198940
4 0.411726 0.400052 0.036372 0.119210
4 0.142257 0.338836 0.030018 0.117150
4 0.761370 0.431455 0.032112 0.097733
4 0.298783 0.289306 0.025751 0.074479
6 0.598078 0.262893 0.014473 0.066688
2 0.355384 0.274413 0.053786 0.070396
4 0.281871 0.291092 0.030399 0.081650
3 0.361290 0.279921 0.026621 0.074182
4 0.197257 0.326289 0.024887 0.104464
4 0.539916 0.378944 0.027601 0.085959
4 0.400027 0.294581 0.026579 0.078099
4 0.180331 0.810515 0.179587 0.364181
4 0.056665 0.566427 0.112742 0.867147
5 0.569110 0.423298 0.012142 0.017706
5 0.447736 0.665595 0.015137 0.029281
5 0.934784 0.467814 0.016779 0.016657
7 0.355384 0.274413 0.053786 0.056317
