4 0.478430 0.570295 0.068519 0.158240
2 0.071313 0.279973 0.141267 0.194402
6 0.810241 0.291733 0.030842 0.097788
4 0.422983 0.357627 0.036922 0.080604
4 0.491806 0.322355 0.035927 0.079796
4 0.581830 0.316886 0.027674 0.101067
4 0.017384 0.417727 0.032464 0.100749
4 0.264204 0.312126 0.027459 0.064050
4 0.679181 0.320200 0.029352 0.072627
2 0.642084 0.262480 0.048045 0.073343
4 0.567127 0.387141 0.035440 0.077757
4 0.227013 0.335621 0.023367 0.083684
3 0.641988 0.268223 0.031736 0.079582
4 0.388043 0.277706 0.020161 0.069440
4 0.722579 0.046269 0.126402 0.075879
5 0.663295 0.386528 0.010198 0.017888
5 0.972946 0.891498 0.015830 0.018414
2 0.024717 0.765310 0.049434 0.331184
0 0.684939 0.449377 0.236945 0.058013
2 0.071429 0.239322 0.141958 0.278292
4 0.928706 0.588130 0.142588 0.823739