2 0.334300 0.284355 0.053239 0.065988
4 0.361806 0.805029 0.082261 0.245560
4 0.176935 0.521498 0.052611 0.155674
4 0.305424 0.666387 0.076174 0.162349
4 0.742681 0.491222 0.037146 0.128881
4 0.394709 0.323690 0.028720 0.073846
4 0.523678 0.379945 0.031861 0.094515
4 0.273567 0.350176 0.031332 0.085017
6 0.470255 0.279215 0.016155 0.068837
4 0.470388 0.502142 0.038161 0.138585
4 0.405458 0.462475 0.036678 0.123592
4 0.429531 0.293383 0.022249 0.076247
4 0.240050 0.863683 0.076078 0.247122
3 0.336020 0.294930 0.027787 0.077550
4 0.045699 0.602843 0.091399 0.759254
4 0.115663 0.768730 0.213436 0.448400
5 0.145650 0.967946 0.019885 0.023144
5 0.142250 0.963871 0.016030 0.024361
4 0.274892 0.898524 0.156545 0.197866
5 0.380147 0.353749 0.008656 0.011655
5 0.555952 0.705716 0.012000 0.019906
4 0.293632 0.917119 0.151451 0.164623