6 0.917585 0.300830 0.029801 0.108721
4 0.638594 0.622230 0.063635 0.166813
4 0.753776 0.366099 0.051864 0.086352
4 0.194897 0.435898 0.037214 0.114668
4 0.873920 0.371115 0.036838 0.103988
2 0.641448 0.258539 0.047637 0.069084
4 0.584402 0.300286 0.026311 0.096406
4 0.685854 0.278220 0.027014 0.075589
4 0.720525 0.312678 0.030271 0.121228
4 0.429850 0.334577 0.025234 0.095124
4 0.601248 0.280876 0.021456 0.078428
3 0.645596 0.262253 0.033366 0.066558
2 0.070676 0.280309 0.139884 0.193745
4 0.972218 0.639788 0.055564 0.720424
4 0.863569 0.762657 0.132313 0.468034
4 0.958288 0.640942 0.083425 0.718117
4 0.891647 0.758308 0.186360 0.476460
7 0.641448 0.258539 0.047637 0.055267
