2 0.353941 0.272803 0.054151 0.069068
6 0.505442 0.281282 0.017269 0.075573
4 0.547229 0.337326 0.027374 0.103512
4 0.795338 0.386625 0.028905 0.101103
4 0.394270 0.315505 0.023057 0.099828
4 0.450867 0.429454 0.034121 0.134425
4 0.467944 0.281037 0.020609 0.073935
4 0.266677 0.338630 0.030572 0.112675
4 0.144021 0.276835 0.022637 0.093559
4 0.422018 0.312714 0.022782 0.091211
4 0.416714 0.267515 0.018376 0.076808
4 0.164462 0.774962 0.141693 0.436237
6 0.548054 0.271780 0.014363 0.056633
5 0.159164 0.983419 0.017874 0.020994
4 0.238145 0.868148 0.108005 0.252656
4 0.391764 0.263392 0.016593 0.056274
4 0.039055 0.772889 0.078110 0.451263
4 0.106415 0.772512 0.180798 0.434261
4 0.283493 0.900567 0.123878 0.187938
5 0.157419 0.981131 0.016750 0.021752
5 0.160554 0.986305 0.017288 0.020128
4 0.392747 0.270735 0.018491 0.072998
6 0.848419 0.264386 0.041451 0.114070
7 0.353941 0.272803 0.054151 0.055254
