6 0.865961 0.662536 0.056345 0.190558
4 0.564473 0.470959 0.041070 0.137321
2 0.346424 0.276297 0.054719 0.067210
4 0.834128 0.440525 0.030046 0.109918
4 0.474047 0.330443 0.022420 0.085994
4 0.304259 0.324958 0.025782 0.089217
6 0.457993 0.260150 0.017747 0.070844
4 0.435296 0.300149 0.017418 0.089739
4 0.569139 0.329011 0.022298 0.087440
4 0.411775 0.306648 0.022790 0.094461
4 0.490776 0.250149 0.015250 0.063222
4 0.382570 0.276103 0.020195 0.069164
4 0.553854 0.261554 0.018456 0.063428
1 0.959355 0.773379 0.079797 0.310847
4 0.293999 0.900905 0.132029 0.196017
4 0.079990 0.530453 0.159024 0.879908
4 0.297054 0.934588 0.125926 0.129043
3 0.376309 0.276122 0.033458 0.067724
7 0.346424 0.276297 0.054719 0.053768
