2 0.646623 0.261155 0.059015 0.072915
4 0.108204 0.583852 0.059036 0.167287
4 0.278282 0.808129 0.071795 0.225478
4 0.399768 0.506635 0.042619 0.147362
4 0.571075 0.351489 0.035482 0.095225
6 0.793867 0.318789 0.032164 0.118760
4 0.090010 0.447066 0.038566 0.100140
4 0.369128 0.378466 0.035216 0.095049
4 0.465071 0.310153 0.027046 0.080033
3 0.593486 0.274139 0.031560 0.064437
4 0.555087 0.329548 0.027493 0.091606
4 0.388713 0.317663 0.027884 0.068835
2 0.070291 0.281689 0.139038 0.196647
4 0.724286 0.892734 0.147683 0.209393
1 0.024262 0.769896 0.048307 0.330386
4 0.967701 0.587991 0.064388 0.824018
4 0.946112 0.578043 0.107776 0.843914