6 0.928149 0.589620 0.062022 0.165536
4 0.688348 0.471040 0.039990 0.136949
4 0.354459 0.424025 0.037161 0.110446
6 0.317000 0.271021 0.017924 0.078684
4 0.278374 0.309760 0.027247 0.096129
4 0.598204 0.317768 0.025621 0.087442
2 0.353600 0.272792 0.051770 0.065789
4 0.419487 0.291024 0.025719 0.086842
4 0.436907 0.289984 0.023701 0.088516
4 0.172908 0.787247 0.128260 0.414804
3 0.376371 0.283686 0.030200 0.050546
4 0.334324 0.352715 0.029496 0.100622
4 0.247801 0.868856 0.139348 0.254746
1 0.972205 0.767119 0.055526 0.315418
4 0.100659 0.738317 0.099748 0.508791
5 0.158972 0.982420 0.018791 0.024954
4 0.123336 0.739654 0.144991 0.519457
5 0.160604 0.985323 0.018173 0.023683
4 0.052451 0.500510 0.104235 0.963645
4 0.146677 0.765906 0.179021 0.456613
7 0.353600 0.272792 0.051770 0.052631
