2 0.336201 0.280275 0.052552 0.063211
4 0.626488 0.525943 0.042472 0.147677
4 0.462811 0.434868 0.036351 0.120147
4 0.821000 0.410460 0.030632 0.092291
4 0.686355 0.337707 0.023185 0.067491
4 0.616495 0.329944 0.025874 0.069221
6 0.073644 0.325975 0.028475 0.109333
4 0.427492 0.285030 0.023596 0.054492
4 0.538720 0.339996 0.034338 0.083847
4 0.173087 0.890335 0.064038 0.213126
4 0.371834 0.305224 0.019495 0.073972
4 0.382438 0.289097 0.026569 0.062957
4 0.114327 0.791669 0.210303 0.408381
4 0.258288 0.898649 0.081296 0.195931
6 0.805877 0.273005 0.037764 0.111975
4 0.251657 0.868592 0.094946 0.251887
4 0.307097 0.945014 0.129231 0.109973
5 0.560756 0.707444 0.011849 0.020300
7 0.336201 0.280275 0.052552 0.050569
