2 0.140048 0.601709 0.279173 0.683566
4 0.491871 0.464225 0.028275 0.113419
6 0.169833 0.401106 0.020721 0.071417
6 0.902626 0.310913 0.021334 0.087445
4 0.369206 0.463550 0.023995 0.088472
4 0.439598 0.449837 0.050174 0.068461
4 0.571409 0.338687 0.021581 0.063759
4 0.325944 0.369857 0.022020 0.056351
4 0.480974 0.360602 0.020851 0.061408
4 0.606342 0.320704 0.024599 0.064380
4 0.669670 0.341875 0.027712 0.059169
2 0.739315 0.303564 0.061534 0.060436
3 0.715966 0.308207 0.023786 0.066948
1 0.333110 0.022623 0.663209 0.045247
4 0.951170 0.637713 0.097417 0.716316
4 0.716070 0.308374 0.024012 0.066720
5 0.359827 0.527695 0.012877 0.020123
7 0.140048 0.601709 0.279173 0.546853
