4 0.611180 0.786598 0.101696 0.245854
4 0.398685 0.577230 0.057085 0.149959
2 0.645080 0.262070 0.056757 0.069253
4 0.123599 0.632412 0.056518 0.177287
6 0.839502 0.244274 0.023964 0.091733
4 0.591138 0.343482 0.030125 0.104090
4 0.512508 0.381558 0.041859 0.107892
4 0.732000 0.337731 0.032600 0.105970
4 0.798449 0.505354 0.038606 0.151773
4 0.531890 0.275042 0.023161 0.076229
4 0.771298 0.479024 0.044630 0.144074
3 0.641905 0.269755 0.030516 0.075862
5 0.922530 0.326668 0.008541 0.013769
5 0.746817 0.628854 0.017295 0.024742
4 0.708756 0.925002 0.193814 0.147252
1 0.023829 0.771053 0.047657 0.326661
5 0.021417 0.587633 0.011611 0.013981
7 0.645080 0.262070 0.056757 0.055402
