4 0.271270 0.785302 0.077749 0.238272
2 0.646710 0.261311 0.059537 0.072843
6 0.829743 0.328516 0.054571 0.126898
4 0.044825 0.569802 0.050039 0.150278
4 0.777017 0.603565 0.045405 0.173028
3 0.594385 0.268472 0.029111 0.073779
4 0.324773 0.429121 0.039435 0.117389
4 0.353613 0.344291 0.030866 0.083114
4 0.499132 0.417390 0.033476 0.119608
4 0.514036 0.346116 0.031629 0.092192
4 0.286619 0.343935 0.025936 0.073929
1 0.024488 0.766348 0.048817 0.319732
2 0.070621 0.281589 0.139969 0.198922
1 0.657283 0.398509 0.186802 0.160314
4 0.736887 0.859259 0.233770 0.278182
4 0.925529 0.598394 0.148819 0.803212
4 0.722264 0.047184 0.123744 0.075093