2 0.646825 0.260253 0.058819 0.070914
4 0.521906 0.377951 0.040269 0.088975
4 0.470314 0.296222 0.029563 0.075297
4 0.522787 0.265536 0.025070 0.072574
4 0.500263 0.485494 0.041178 0.129108
6 0.446159 0.255166 0.016284 0.074491
4 0.294425 0.383217 0.035557 0.095478
4 0.162923 0.417142 0.038270 0.093738
4 0.589641 0.296403 0.027295 0.072699
4 0.505756 0.291219 0.024416 0.068991
4 0.568520 0.289871 0.023266 0.080977
4 0.601330 0.270843 0.026775 0.072683
4 0.727725 0.850753 0.175061 0.289236
4 0.947560 0.590191 0.104067 0.819618
7 0.646825 0.260253 0.058819 0.056731
