4 0.464073 0.456654 0.045510 0.128415
4 0.532609 0.283804 0.031225 0.062922
6 0.115507 0.321789 0.026772 0.113014
4 0.828489 0.404701 0.033957 0.083076
4 0.332485 0.348753 0.036752 0.078168
4 0.455749 0.338560 0.026371 0.070142
4 0.476935 0.251138 0.019245 0.067695
2 0.354858 0.274244 0.054783 0.070410
4 0.420143 0.287613 0.030291 0.089142
4 0.418397 0.319790 0.031269 0.059799
5 0.431318 0.416582 0.011635 0.019194
4 0.365250 0.282553 0.032870 0.056961
5 0.157891 0.981545 0.019076 0.024932
1 0.972129 0.780345 0.055733 0.325161
4 0.059044 0.547290 0.117599 0.904062
4 0.232635 0.841695 0.148190 0.301038
5 0.888783 0.606491 0.014515 0.020355
3 0.365294 0.281420 0.032881 0.057793
7 0.354858 0.274244 0.054783 0.056328
