2 0.647081 0.258828 0.058289 0.069406
4 0.415102 0.478574 0.042541 0.145206
4 0.155098 0.378543 0.031025 0.099480
6 0.883285 0.277042 0.023600 0.100836
4 0.479103 0.283061 0.021844 0.080565
4 0.541987 0.251889 0.019825 0.069693
4 0.419274 0.271733 0.019818 0.061510
4 0.519053 0.338314 0.027409 0.103439
4 0.394839 0.303550 0.030027 0.067269
4 0.319292 0.334617 0.033954 0.073520
2 0.070372 0.282474 0.140529 0.198013
4 0.599628 0.281148 0.025378 0.075682
1 0.710029 0.396497 0.289863 0.160516
4 0.594099 0.274926 0.036547 0.083309
4 0.926277 0.598303 0.147187 0.803394
4 0.603167 0.274402 0.022946 0.078487
4 0.960768 0.627644 0.078465 0.744711
7 0.647081 0.258828 0.058289 0.055525
