2 0.646873 0.260400 0.057964 0.072271
6 0.806613 0.375299 0.046317 0.145937
4 0.217305 0.318418 0.033066 0.081643
4 0.442250 0.356527 0.032162 0.099980
3 0.600749 0.263343 0.030148 0.077334
2 0.071263 0.280173 0.141345 0.193419
4 0.011913 0.424336 0.023666 0.114368
4 0.199363 0.434779 0.032777 0.114322
4 0.426962 0.282805 0.021282 0.066830
4 0.494235 0.327461 0.025263 0.081259
4 0.312980 0.331614 0.028892 0.074537
1 0.676923 0.397469 0.223446 0.160949
1 0.502512 0.323198 0.041832 0.095357
4 0.713283 0.887388 0.209016 0.222932