4 0.540840 0.452765 0.035163 0.133498
4 0.496457 0.465804 0.037993 0.135013
2 0.352113 0.272532 0.054653 0.066697
4 0.460137 0.292902 0.027160 0.071869
4 0.435799 0.372924 0.021702 0.110411
4 0.486749 0.284084 0.019397 0.074483
4 0.582217 0.313803 0.018111 0.083771
4 0.615814 0.302063 0.017955 0.073846
4 0.417855 0.288466 0.028791 0.073557
3 0.394926 0.283753 0.026556 0.058261
4 0.395541 0.283894 0.026549 0.057975
5 0.156257 0.981216 0.020415 0.023315
4 0.291619 0.907143 0.170511 0.185714
6 0.582052 0.314284 0.017916 0.085751
5 0.154532 0.978134 0.016853 0.020909
4 0.231733 0.854427 0.102258 0.275144
4 0.166918 0.797527 0.272969 0.389953
4 0.252615 0.862124 0.107749 0.264289
1 0.969304 0.771515 0.061373 0.317638
4 0.064515 0.532080 0.128962 0.930892
7 0.352113 0.272532 0.054653 0.053358
