4 0.511109 0.412326 0.048475 0.088090
2 0.330399 0.282819 0.054086 0.064634
4 0.447942 0.458753 0.032783 0.127310
4 0.451504 0.346093 0.028947 0.078121
6 0.071290 0.331027 0.028081 0.108637
4 0.501091 0.297863 0.020852 0.066415
4 0.371432 0.318928 0.025053 0.079694
4 0.331522 0.308136 0.020302 0.075900
4 0.388625 0.298998 0.020410 0.071839
4 0.423210 0.301104 0.025094 0.064224
4 0.168826 0.888894 0.064931 0.216773
4 0.566580 0.318633 0.022610 0.057007
4 0.431162 0.347476 0.023600 0.091579
4 0.114686 0.787511 0.191635 0.393112
4 0.322348 0.943034 0.084569 0.113706
4 0.247513 0.868589 0.093838 0.253370
4 0.020366 0.781588 0.040731 0.436824
5 0.550421 0.703871 0.011465 0.018215
4 0.287954 0.941991 0.155656 0.115974
5 0.138990 0.958310 0.013694 0.019184
4 0.056581 0.560152 0.112330 0.636862
7 0.330399 0.282819 0.054086 0.051707
