4 0.332218 0.743856 0.074368 0.207577
4 0.170139 0.579570 0.045678 0.166021
2 0.648938 0.262214 0.062133 0.071481
4 0.341789 0.589917 0.054896 0.168047
4 0.354369 0.338197 0.036628 0.071601
4 0.437238 0.363916 0.031894 0.109815
4 0.537148 0.321211 0.022853 0.093472
4 0.164621 0.363373 0.028096 0.087146
6 0.411391 0.255961 0.016316 0.067230
4 0.418464 0.317895 0.027381 0.074800
4 0.581410 0.277098 0.028707 0.063877
5 0.412745 0.744722 0.015501 0.026182
4 0.500133 0.943984 0.072274 0.110429
1 0.028251 0.770174 0.056503 0.323914
4 0.939974 0.566987 0.120021 0.866026
7 0.648938 0.262214 0.062133 0.057185
