4 0.744472 0.722015 0.060341 0.225225
2 0.324071 0.288123 0.052805 0.061655
4 0.378904 0.295504 0.026583 0.059402
4 0.381290 0.341013 0.028336 0.077078
4 0.889902 0.448836 0.029403 0.104830
4 0.484703 0.321392 0.020757 0.079007
4 0.602625 0.333114 0.027221 0.072923
4 0.409966 0.326179 0.019409 0.077809
4 0.532355 0.347728 0.024176 0.085404
4 0.734015 0.357657 0.018768 0.070983
6 0.704376 0.327278 0.014924 0.057944
4 0.203130 0.844055 0.096520 0.287100
4 0.062822 0.626370 0.125644 0.719552
4 0.251403 0.874317 0.113706 0.245065
5 0.637469 0.136441 0.009137 0.015335
4 0.132105 0.785773 0.238806 0.406915
7 0.324071 0.288123 0.052805 0.049324
