2 0.223519 0.423177 0.082784 0.099654
4 0.326773 0.737403 0.062710 0.187526
4 0.083720 0.707735 0.069666 0.187641
4 0.292175 0.693287 0.068147 0.205006
4 0.683453 0.748277 0.055901 0.201473
4 0.617460 0.617265 0.042501 0.146802
4 0.328958 0.534198 0.042651 0.106409
4 0.427423 0.488799 0.035621 0.114916
3 0.239091 0.445345 0.052032 0.089862
4 0.637881 0.541752 0.036087 0.111937
5 0.103354 0.229159 0.016306 0.026859
5 0.039751 0.302435 0.015667 0.022579
5 0.138192 0.675795 0.012487 0.024223
4 0.032582 0.887757 0.065164 0.218163