1 0.237248 0.235419 0.474130 0.470838
6 0.642560 0.365930 0.018024 0.075768
4 0.465658 0.485480 0.037668 0.111241
4 0.330223 0.535117 0.039412 0.119146
4 0.460370 0.387535 0.022766 0.062566
4 0.164891 0.471085 0.043961 0.080155
4 0.549883 0.432385 0.027432 0.082769
4 0.441903 0.438563 0.035054 0.066043
5 0.069902 0.350461 0.038375 0.048112
4 0.564485 0.402314 0.032698 0.094621
2 0.718363 0.396420 0.063864 0.068054
3 0.693561 0.401353 0.033556 0.061073
5 0.278572 0.333941 0.015534 0.022381
4 0.693485 0.401690 0.033241 0.059872