4 0.217278 0.582641 0.064121 0.146501
4 0.391527 0.440503 0.055356 0.109044
4 0.662722 0.580456 0.052594 0.126595
2 0.393482 0.363033 0.066438 0.090944
4 0.914222 0.912339 0.099084 0.169833
4 0.282028 0.471541 0.046913 0.123832
4 0.219046 0.441334 0.043635 0.124103
4 0.394537 0.548705 0.047418 0.124341
4 0.514365 0.382832 0.033764 0.088494
3 0.399117 0.363043 0.033213 0.082299
4 0.726631 0.434909 0.037621 0.088667
5 0.416131 0.638654 0.013663 0.020359
5 0.281845 0.183144 0.013308 0.023621
5 0.016094 0.146340 0.027698 0.047180
5 0.358822 0.646387 0.010013 0.015142
5 0.224701 0.257015 0.013030 0.021442
6 0.095623 0.387204 0.021445 0.115662