2 0.245326 0.347847 0.074387 0.096625
4 0.783940 0.478506 0.035250 0.127021
6 0.815293 0.418351 0.028642 0.111717
4 0.342583 0.399327 0.029309 0.115006
4 0.969754 0.426812 0.060492 0.139246
4 0.416270 0.369076 0.031105 0.102013
4 0.382749 0.364287 0.022445 0.099744
6 0.583825 0.366330 0.020371 0.096372
4 0.514818 0.358860 0.028402 0.092310
5 0.096543 0.894920 0.014218 0.020226
5 0.066762 0.229499 0.011896 0.018232
3 0.330185 0.345343 0.024201 0.091983
5 0.128867 0.155399 0.014263 0.020562
1 0.199715 0.478406 0.390863 0.288981
5 0.055893 0.367906 0.010926 0.016911