4 0.672705 0.495757 0.046754 0.106173
6 0.013085 0.371494 0.025922 0.097596
4 0.380625 0.393053 0.035323 0.066365
4 0.606349 0.438450 0.026956 0.092690
4 0.617531 0.384814 0.028423 0.073809
4 0.211443 0.390826 0.038316 0.074639
2 0.696291 0.400161 0.054474 0.073316
4 0.535967 0.376212 0.022708 0.065357
5 0.039211 0.240823 0.039986 0.051072
4 0.651926 0.400236 0.026635 0.070322
4 0.683022 0.402662 0.021569 0.071092
5 0.845648 0.083894 0.034291 0.046999
5 0.808203 0.951955 0.014201 0.019827
7 0.696291 0.400161 0.098053 0.109974
