4 0.775309 0.838959 0.086383 0.305961
4 0.384122 0.605836 0.066160 0.169009
4 0.591610 0.454086 0.047165 0.127233
2 0.264642 0.313151 0.059420 0.096770
4 0.361640 0.350820 0.042181 0.108055
6 0.486311 0.267788 0.020762 0.075671
4 0.070203 0.476988 0.051350 0.124275
4 0.077911 0.591715 0.068493 0.178784
4 0.306345 0.340628 0.033197 0.121325
4 0.452795 0.388430 0.039235 0.127572
3 0.264312 0.325287 0.031563 0.100515
5 0.571999 0.362131 0.017786 0.012793
5 0.069671 0.345688 0.011286 0.015106
5 0.137523 0.127061 0.014975 0.025177
7 0.264642 0.313151 0.106956 0.145155
