4 0.764154 0.862723 0.089082 0.271025
2 0.451406 0.383276 0.060135 0.087676
4 0.481215 0.515610 0.037319 0.136765
6 0.869709 0.376021 0.023428 0.096591
4 0.296782 0.450218 0.059913 0.112096
4 0.553610 0.364833 0.025938 0.078384
4 0.914448 0.487108 0.035641 0.126271
3 0.445454 0.390024 0.028111 0.087522
4 0.528539 0.402357 0.027546 0.086523
5 0.126404 0.468910 0.010601 0.014811
5 0.340638 0.205513 0.015259 0.024607
5 0.641015 0.871771 0.016295 0.028027
4 0.512760 0.456176 0.053935 0.087214
5 0.892937 0.283093 0.011633 0.019156
5 0.242737 0.490131 0.014347 0.014710
5 0.042914 0.660778 0.011319 0.016611
7 0.451406 0.383276 0.108243 0.131514
