2 0.633533 0.332260 0.051246 0.066401
4 0.035809 0.364440 0.034873 0.103000
4 0.066983 0.416623 0.037309 0.124883
3 0.634063 0.331828 0.027341 0.072581
4 0.527141 0.318170 0.031535 0.076327
4 0.422948 0.348767 0.026104 0.077137
4 0.568969 0.359811 0.025411 0.087831
5 0.533980 0.222661 0.012169 0.021759
5 0.185241 0.225026 0.015656 0.022914
4 0.557759 0.353232 0.042830 0.098458
4 0.111380 0.333221 0.027736 0.088259
5 0.613967 0.937295 0.019526 0.022011
1 0.647883 0.035189 0.686136 0.070378
4 0.311229 0.301522 0.021663 0.060227
7 0.633533 0.332260 0.092243 0.099602
