4 0.638279 0.736905 0.078238 0.207866
4 0.316196 0.509235 0.041489 0.145012
4 0.501608 0.539772 0.050937 0.128332
2 0.388319 0.399849 0.064527 0.102553
4 0.669402 0.460930 0.039078 0.117217
4 0.353956 0.430466 0.036472 0.098681
4 0.303702 0.427509 0.029896 0.104641
3 0.400441 0.417332 0.039384 0.079278
4 0.986672 0.436048 0.026656 0.126808
5 0.258519 0.226899 0.013262 0.023585
4 0.467729 0.423549 0.040694 0.098618
5 0.031390 0.367418 0.014585 0.022356
5 0.684837 0.795923 0.013201 0.020254
4 0.473164 0.428382 0.031307 0.101192
5 0.202482 0.307175 0.011413 0.018372
7 0.388319 0.399849 0.116149 0.153830
