4 0.243549 0.652629 0.055297 0.169586
2 0.372351 0.396503 0.072080 0.097359
4 0.746245 0.785289 0.097820 0.237920
4 0.568581 0.431834 0.037764 0.095891
4 0.174668 0.645060 0.054423 0.154060
6 0.027678 0.464967 0.035337 0.127398
4 0.110843 0.588502 0.055830 0.192820
4 0.459820 0.382779 0.037586 0.067303
4 0.246114 0.424920 0.039727 0.109796
4 0.303615 0.444876 0.038833 0.118434
3 0.388137 0.393865 0.030279 0.092411
5 0.251137 0.224593 0.013506 0.021799
5 0.188433 0.441966 0.010356 0.016421
5 0.194579 0.304691 0.011808 0.019466