4 0.806246 0.517923 0.044508 0.126420
2 0.711544 0.379861 0.054373 0.074629
4 0.633133 0.367056 0.026688 0.068313
4 0.587071 0.430542 0.024627 0.091287
4 0.556569 0.372636 0.032246 0.055802
4 0.693081 0.400148 0.022424 0.071304
4 0.371283 0.414622 0.025323 0.082835
4 0.400762 0.419716 0.035920 0.081631
5 0.053235 0.261134 0.038802 0.047237
6 0.073573 0.377564 0.021502 0.094983
4 0.671364 0.413514 0.024566 0.074252
5 0.848858 0.414554 0.009591 0.015446
4 0.655330 0.386745 0.021752 0.062742
4 0.072027 0.309273 0.141003 0.111622
5 0.964676 0.809555 0.012996 0.015022
5 0.606497 0.267998 0.010382 0.017606
5 0.829295 0.934091 0.017948 0.018549
6 0.881067 0.436450 0.029393 0.102190
5 0.675006 0.992364 0.013833 0.015272
4 0.663652 0.406923 0.039697 0.085080
7 0.711544 0.379861 0.097871 0.111944
