2 0.082768 0.387110 0.079122 0.113972
6 0.593416 0.730269 0.063335 0.290343
4 0.251431 0.412039 0.028216 0.099226
6 0.423491 0.345966 0.021547 0.096307
4 0.390885 0.406264 0.035382 0.111377
4 0.563055 0.425798 0.034482 0.126367
4 0.521110 0.361645 0.030348 0.101903
4 0.378052 0.364598 0.025257 0.074330
4 0.600628 0.355069 0.025681 0.103631
4 0.148501 0.376516 0.025615 0.108494
4 0.306556 0.363029 0.042376 0.089502
4 0.310758 0.372397 0.036923 0.077806
4 0.300978 0.396056 0.023467 0.091017
3 0.148454 0.377530 0.026598 0.107348
5 0.908319 0.230594 0.044802 0.061213
4 0.500785 0.340522 0.038624 0.109382