2 0.057399 0.318693 0.080448 0.112321
4 0.442683 0.443532 0.054340 0.103231
4 0.877978 0.395272 0.055393 0.085154
4 0.339823 0.358882 0.038714 0.113532
4 0.145483 0.338100 0.032059 0.112897
4 0.407207 0.306696 0.032320 0.072295
4 0.719128 0.313729 0.030928 0.080874
1 0.115485 0.546309 0.230553 0.188757
5 0.884163 0.202579 0.040627 0.059075
4 0.382883 0.279893 0.026173 0.102347
4 0.123678 0.321923 0.031461 0.082948
5 0.501382 0.313462 0.009937 0.014370
0 0.973277 0.643749 0.053445 0.282574
3 0.123416 0.322160 0.031090 0.082614
4 0.579141 0.300773 0.035413 0.083191