2 0.722646 0.326267 0.054840 0.062742
4 0.669093 0.539349 0.045453 0.166387
6 0.422771 0.345258 0.021143 0.086501
4 0.688541 0.409228 0.028170 0.112881
4 0.445337 0.363683 0.020752 0.077798
6 0.865202 0.382885 0.026667 0.113181
5 0.066066 0.279495 0.040641 0.047025
4 0.356236 0.417895 0.028607 0.109527
4 0.615631 0.362260 0.025443 0.090567
4 0.101569 0.494370 0.034039 0.093925
1 0.232562 0.195985 0.465125 0.391970
3 0.727995 0.326254 0.023962 0.066965
4 0.011678 0.474075 0.023356 0.119186
4 0.103519 0.436315 0.032718 0.089441
5 0.277250 0.263281 0.013314 0.020969
5 0.677822 0.325306 0.007660 0.011691
5 0.703062 0.949021 0.018278 0.023222
1 0.700952 0.037864 0.598097 0.075728