4 0.668315 0.744441 0.079561 0.217264
2 0.286114 0.429001 0.072373 0.100630
4 0.483513 0.466160 0.042340 0.111681
4 0.341463 0.480312 0.039933 0.112100
6 0.473708 0.369627 0.018790 0.085958
4 0.933929 0.455687 0.072849 0.088325
4 0.683568 0.596142 0.046536 0.152823
4 0.430708 0.478701 0.033865 0.103632
4 0.385157 0.447792 0.038465 0.129599
4 0.766917 0.435177 0.037042 0.094058
5 0.107323 0.344801 0.013486 0.021398
4 0.915136 0.394433 0.044601 0.084934
5 0.163633 0.261119 0.016485 0.024755
5 0.872453 0.432433 0.010732 0.014409
7 0.286114 0.429001 0.130271 0.150945
