2 0.396714 0.333981 0.055266 0.088434
4 0.467276 0.492101 0.043631 0.150687
4 0.877705 0.549373 0.043715 0.158388
4 0.170075 0.465032 0.041305 0.147571
4 0.662896 0.448904 0.041559 0.158211
6 0.750761 0.326802 0.024635 0.093852
4 0.727629 0.398468 0.029383 0.118566
4 0.854617 0.432038 0.034996 0.113572
4 0.563243 0.355496 0.032224 0.110981
4 0.953063 0.407359 0.038948 0.126683
4 0.506213 0.494158 0.046179 0.156521
3 0.403351 0.329356 0.027517 0.082216
5 0.081056 0.293603 0.013403 0.019718
5 0.038411 0.155845 0.027718 0.044534
5 0.285472 0.175309 0.013410 0.026272