2 0.209738 0.384075 0.072725 0.105969
4 0.917513 0.476307 0.051313 0.124789
4 0.305899 0.424468 0.049689 0.119937
4 0.759709 0.558567 0.060547 0.180915
3 0.264212 0.388302 0.037517 0.094249
4 0.591780 0.413062 0.032310 0.101829
4 0.379918 0.327266 0.024353 0.073063
4 0.438763 0.364557 0.030967 0.089821
4 0.478263 0.470945 0.033110 0.128042
4 0.680866 0.355419 0.031687 0.101921
6 0.453201 0.310235 0.020438 0.090152
5 0.076380 0.206094 0.015463 0.025348
5 0.871675 0.500610 0.011282 0.017992
5 0.015247 0.293349 0.011653 0.019586
5 0.010762 0.441802 0.014977 0.022949