2 0.169004 0.444508 0.082433 0.099960
4 0.022330 0.650135 0.044659 0.195258
4 0.133902 0.560504 0.045899 0.105905
4 0.234257 0.629907 0.049530 0.148807
4 0.189760 0.672365 0.053370 0.191954
4 0.325397 0.482337 0.032840 0.100768
4 0.402651 0.623978 0.043877 0.142430
4 0.375966 0.509263 0.029678 0.116493
3 0.180984 0.468568 0.045993 0.090738
5 0.079230 0.650638 0.008643 0.012775
6 0.433022 0.424706 0.015059 0.086071
5 0.046911 0.254179 0.015367 0.024234
5 0.122324 0.708181 0.010205 0.017021
4 0.414874 0.574948 0.033896 0.139211