4 0.312795 0.781945 0.057483 0.212440
6 0.548486 0.573168 0.036904 0.157965
4 0.345359 0.487982 0.028013 0.101878
6 0.645546 0.459452 0.032038 0.110743
4 0.313839 0.478857 0.025189 0.117665
4 0.238035 0.489670 0.026122 0.115754
4 0.185011 0.634713 0.047659 0.174181
4 0.718285 0.468731 0.031140 0.097335
2 0.200501 0.474630 0.084359 0.112421
4 0.872396 0.496856 0.037373 0.130671
4 0.291945 0.485813 0.019864 0.113430
4 0.202649 0.564136 0.044271 0.126953
4 0.762207 0.495283 0.033310 0.111874
5 0.070048 0.300155 0.014143 0.021458
4 0.522822 0.483799 0.036981 0.099255
4 0.813365 0.487624 0.030665 0.112104
4 0.275508 0.481632 0.017405 0.113545