2 0.164079 0.410529 0.077060 0.106521
6 0.848664 0.927537 0.077557 0.144110
4 0.744067 0.578335 0.051441 0.149213
4 0.392214 0.482292 0.050330 0.090019
4 0.471374 0.464258 0.036553 0.100952
6 0.324104 0.359994 0.019918 0.083273
4 0.284621 0.438040 0.031676 0.097643
4 0.509916 0.511632 0.036542 0.130527
4 0.716248 0.412459 0.026334 0.094629
4 0.495453 0.388775 0.035933 0.063191
4 0.233381 0.412938 0.040193 0.087032
4 0.534515 0.396151 0.035122 0.070220
5 0.554751 0.419542 0.009267 0.016319
5 0.039035 0.225651 0.014688 0.023729
3 0.232437 0.412573 0.038705 0.086181