2 0.307436 0.422771 0.074509 0.104349
4 0.973205 0.688111 0.052726 0.223615
4 0.439467 0.477318 0.036808 0.109356
6 0.528304 0.381855 0.020003 0.087403
4 0.616201 0.404357 0.035955 0.080139
4 0.420482 0.438024 0.023077 0.098816
4 0.457023 0.371283 0.021969 0.076407
4 0.369163 0.451234 0.040310 0.095920
5 0.127734 0.327288 0.012666 0.020173
4 0.980724 0.409723 0.038553 0.139613
4 0.384819 0.418056 0.019428 0.094587
4 0.880712 0.412791 0.035813 0.091527
4 0.888787 0.411327 0.050855 0.100700
3 0.384816 0.417784 0.019957 0.095595