4 0.940076 0.415497 0.053980 0.149876
4 0.499042 0.540701 0.058435 0.190394
2 0.423309 0.278935 0.065508 0.097218
4 0.393652 0.329017 0.030301 0.094647
4 0.723813 0.294377 0.041866 0.113138
4 0.533356 0.302101 0.028316 0.099428
3 0.428334 0.300543 0.049280 0.061094
4 0.286701 0.324874 0.032252 0.102456
6 0.760110 0.216141 0.019313 0.085846
4 0.346002 0.292265 0.037374 0.072253
4 0.468501 0.400524 0.047373 0.142561
4 0.374216 0.264497 0.029232 0.084487
5 0.076766 0.245817 0.013425 0.019015
4 0.478140 0.367306 0.043193 0.143363
5 0.299823 0.104402 0.012889 0.023057
5 0.029283 0.093663 0.025412 0.046698
7 0.423309 0.278935 0.117914 0.145827
