2 0.758295 0.343312 0.055020 0.070265
1 0.253877 0.224500 0.507644 0.449001
6 0.863932 0.341408 0.022728 0.075326
6 0.221758 0.380945 0.023876 0.105114
4 0.572902 0.370471 0.026799 0.089662
4 0.909548 0.450697 0.038688 0.136045
4 0.661083 0.395479 0.024538 0.109138
4 0.136047 0.421979 0.025701 0.105375
4 0.268990 0.413828 0.030377 0.123093
5 0.108039 0.235359 0.038305 0.046618
3 0.764942 0.341146 0.025071 0.074424
1 0.255387 0.149109 0.510775 0.298217
4 0.447828 0.405315 0.044103 0.105323
5 0.013365 0.257251 0.014900 0.023628
5 0.314636 0.238904 0.013325 0.021156
5 0.711670 0.337605 0.007613 0.013439
4 0.441205 0.405130 0.031394 0.105527