4 0.459900 0.363812 0.033800 0.096219
4 0.535882 0.357028 0.024724 0.087469
4 0.201757 0.381915 0.029116 0.107790
4 0.609577 0.405344 0.029136 0.106489
4 0.096855 0.381264 0.035155 0.096091
4 0.501227 0.364034 0.024432 0.097653
6 0.643610 0.330848 0.018617 0.077269
4 0.429143 0.350208 0.028918 0.070257
2 0.617380 0.329801 0.068956 0.073966
4 0.045648 0.330645 0.090378 0.165220
4 0.261149 0.332982 0.024670 0.078459
5 0.158473 0.234984 0.014007 0.022553
3 0.619650 0.330320 0.023051 0.071181
5 0.733948 0.857646 0.014682 0.019111
5 0.744147 0.356185 0.011486 0.015276
1 0.037454 0.593433 0.074365 0.391321
5 0.428398 0.021919 0.030625 0.043837