4 0.815332 0.522849 0.043552 0.138750
6 0.079929 0.678496 0.051372 0.199076
2 0.192696 0.462001 0.077106 0.103969
4 0.460125 0.515533 0.036378 0.115956
4 0.311621 0.453315 0.032962 0.093826
4 0.442502 0.392630 0.022985 0.068730
4 0.288729 0.462328 0.022386 0.102312
4 0.526662 0.444414 0.030271 0.096326
4 0.404257 0.416545 0.022120 0.087169
3 0.249212 0.458447 0.029104 0.087306
4 0.647558 0.403228 0.026303 0.082675
4 0.885635 0.443905 0.036833 0.074528
1 0.623015 0.714448 0.706078 0.571104
5 0.059445 0.289292 0.015343 0.022829
5 0.730266 0.451756 0.010959 0.016214
5 0.055715 0.232713 0.015851 0.022234
7 0.192696 0.462001 0.138791 0.155954
