2 0.230610 0.411037 0.076010 0.110383
6 0.448870 0.431415 0.027268 0.110404
4 0.350355 0.430976 0.033000 0.118129
4 0.744307 0.473207 0.033892 0.130883
4 0.323228 0.412379 0.021777 0.107676
4 0.303193 0.417795 0.024415 0.100839
4 0.617529 0.453337 0.034835 0.103467
4 0.152599 0.478125 0.037484 0.129499
5 0.104058 0.229419 0.015384 0.027252
5 0.042146 0.312850 0.012502 0.018271
3 0.303186 0.418087 0.025773 0.099892
4 0.285908 0.413580 0.020929 0.098495
3 0.285582 0.413952 0.021330 0.098811
5 0.035610 0.454177 0.015219 0.020027