2 0.407311 0.403902 0.062047 0.091909
6 0.980351 0.737404 0.039109 0.256807
4 0.747485 0.493990 0.038323 0.096432
4 0.666477 0.415536 0.028487 0.062437
4 0.633465 0.457541 0.031215 0.080226
4 0.552218 0.421649 0.028084 0.079998
4 0.735933 0.386773 0.023523 0.067375
4 0.422203 0.455747 0.033470 0.091328
4 0.704596 0.424648 0.030162 0.066003
4 0.469796 0.405133 0.022425 0.085701
4 0.699848 0.405498 0.031077 0.083604
5 0.063033 0.222886 0.025831 0.042704
6 0.470084 0.405111 0.022314 0.085533
6 0.071822 0.872210 0.143644 0.252811
1 0.368077 0.146398 0.727392 0.292796
4 0.942689 0.435911 0.034450 0.086800