4 0.684650 0.574534 0.066245 0.187327
4 0.217634 0.396420 0.051322 0.130827
4 0.952603 0.441973 0.047511 0.112719
4 0.677775 0.404105 0.036906 0.087211
2 0.746242 0.302380 0.056919 0.080897
4 0.772935 0.355742 0.024415 0.087985
4 0.711344 0.317579 0.023265 0.075498
5 0.086925 0.173080 0.038871 0.051313
6 0.629685 0.248922 0.015679 0.076748
5 0.884226 0.336394 0.011197 0.015746
5 0.852936 0.847423 0.015393 0.019357
5 0.849963 0.506786 0.009905 0.014950
2 0.748301 0.326907 0.060534 0.130254
1 0.247973 0.189831 0.494653 0.379662