2 0.709674 0.380696 0.057935 0.063826
4 0.106355 0.563619 0.051373 0.150817
4 0.614201 0.462363 0.031859 0.100968
4 0.521080 0.517004 0.041798 0.143512
4 0.645481 0.419675 0.026396 0.073225
4 0.130437 0.502986 0.033102 0.115807
4 0.761551 0.441649 0.022985 0.096480
4 0.398037 0.426457 0.031428 0.094021
5 0.051023 0.311932 0.039225 0.048772
5 0.849565 0.405621 0.011436 0.017802
4 0.730665 0.442563 0.031332 0.079946
5 0.845795 0.045375 0.034355 0.051947
3 0.712025 0.394816 0.030996 0.056360
4 0.711938 0.395621 0.030639 0.057201
5 0.992221 0.375524 0.011776 0.018735
5 0.525532 0.085764 0.033204 0.042982
5 0.264660 0.302034 0.015003 0.022764
4 0.122785 0.418814 0.041713 0.100082
7 0.709674 0.380696 0.104283 0.095739
