4 0.621563 0.868744 0.071911 0.252811
4 0.862280 0.636530 0.056256 0.190305
4 0.459208 0.502817 0.037572 0.111143
4 0.431901 0.596833 0.039871 0.159156
4 0.277179 0.630219 0.057882 0.268195
4 0.515106 0.532008 0.037550 0.087873
4 0.296512 0.529220 0.036775 0.125355
4 0.362341 0.503272 0.035930 0.098275
2 0.388309 0.470620 0.057902 0.105141
5 0.265684 0.299045 0.014411 0.020871
4 0.372071 0.489688 0.049880 0.085579
4 0.519427 0.485132 0.035247 0.098755
5 0.041537 0.439718 0.015628 0.024375
4 0.265354 0.507740 0.029832 0.087594
1 0.746363 0.690489 0.507273 0.598352