2 0.263823 0.411167 0.075688 0.107126
4 0.902638 0.545931 0.051247 0.160868
4 0.587938 0.464650 0.031554 0.127546
4 0.409875 0.442453 0.042610 0.103900
4 0.728710 0.387678 0.030649 0.091876
4 0.526122 0.390621 0.030352 0.089674
4 0.394582 0.351946 0.018152 0.066350
4 0.348662 0.430556 0.025267 0.097993
5 0.074240 0.469126 0.011303 0.017771
5 0.135275 0.241741 0.014605 0.025158
5 0.978289 0.394327 0.010585 0.018691
4 0.335247 0.405055 0.023960 0.081256
5 0.077548 0.327787 0.012768 0.019536
4 0.409762 0.395921 0.035697 0.097411
7 0.263823 0.411167 0.136238 0.160689
