2 0.082832 0.390300 0.079547 0.111177
6 0.595195 0.734380 0.060023 0.286194
4 0.267172 0.408717 0.031832 0.108773
4 0.604893 0.367542 0.031428 0.109179
4 0.558992 0.428464 0.029379 0.125980
4 0.525865 0.369280 0.024921 0.102421
4 0.490026 0.413800 0.029260 0.128114
6 0.425883 0.347518 0.023604 0.100208
4 0.335252 0.390284 0.041878 0.100779
4 0.383032 0.369520 0.030403 0.074839
3 0.139640 0.383707 0.027297 0.104307
4 0.352327 0.366080 0.025355 0.094912
5 0.911117 0.238303 0.041495 0.055402
1 0.129631 0.603697 0.258920 0.237249
4 0.339521 0.380064 0.049019 0.099577