2 0.633582 0.365903 0.050424 0.066177
4 0.543649 0.596478 0.043118 0.158349
4 0.565366 0.396036 0.026820 0.082659
4 0.471939 0.419454 0.031756 0.091605
4 0.694906 0.395774 0.032442 0.084605
4 0.291890 0.488821 0.037180 0.111882
6 0.009758 0.456897 0.019481 0.122770
4 0.773915 0.468132 0.044994 0.113211
4 0.585996 0.388775 0.023134 0.075564
3 0.630279 0.367399 0.030437 0.062545
5 0.769975 0.385490 0.008046 0.013218
5 0.625653 0.590616 0.010410 0.014302
5 0.185980 0.293068 0.014284 0.022502
4 0.884068 0.460878 0.030972 0.094954
5 0.765041 0.033332 0.034430 0.051633
1 0.052215 0.658951 0.104076 0.440526
5 0.993027 0.371382 0.012399 0.020524
7 0.633582 0.365903 0.090763 0.099266
