4 0.970034 0.545387 0.059403 0.158892
2 0.437946 0.353598 0.069295 0.088298
4 0.293428 0.534505 0.062685 0.147196
4 0.323711 0.583604 0.057575 0.175071
4 0.667392 0.441696 0.041260 0.126383
4 0.526359 0.443040 0.042482 0.107529
4 0.485278 0.374839 0.029115 0.096604
4 0.580482 0.352780 0.029750 0.091998
4 0.389147 0.427392 0.035420 0.120900
4 0.181451 0.460836 0.043696 0.127872
3 0.446011 0.369868 0.047775 0.067972
5 0.334976 0.402505 0.009319 0.013268
6 0.235874 0.359122 0.027060 0.109078
5 0.324896 0.185021 0.013074 0.022865
5 0.106011 0.313494 0.010903 0.016141
4 0.392796 0.386060 0.032452 0.084016
7 0.437946 0.353598 0.124731 0.132447
