6 0.048722 0.891765 0.081839 0.210666
2 0.151398 0.417367 0.094882 0.112508
4 0.401569 0.460041 0.040939 0.123763
4 0.683413 0.492829 0.043545 0.144833
4 0.805233 0.441181 0.042503 0.112948
4 0.324719 0.434777 0.034610 0.113218
4 0.373675 0.447447 0.037341 0.104455
4 0.681013 0.396657 0.033297 0.096819
4 0.513913 0.425384 0.044583 0.095740
4 0.241387 0.474752 0.042767 0.118172
4 0.558479 0.434836 0.046113 0.091858
4 0.250955 0.416965 0.047540 0.112531
5 0.201186 0.749455 0.010857 0.017405
6 0.561833 0.408599 0.040729 0.130449
4 0.496742 0.388202 0.028094 0.076465
5 0.067806 0.227903 0.010381 0.015757
5 0.306132 0.813369 0.010828 0.017685
5 0.120077 0.623505 0.011175 0.011744
7 0.151398 0.417367 0.170788 0.168762
