4 0.339911 0.424480 0.052804 0.090243
4 0.226624 0.510299 0.071570 0.137303
2 0.969498 0.420172 0.060766 0.113924
6 0.890414 0.843386 0.054832 0.300012
4 0.618879 0.418724 0.036667 0.109436
4 0.511277 0.477728 0.041830 0.154884
6 0.700006 0.354017 0.020641 0.103942
3 0.891946 0.424009 0.047375 0.113569
4 0.725496 0.389497 0.036426 0.110810
4 0.365063 0.502995 0.037221 0.119249
4 0.756858 0.428357 0.029021 0.116616
4 0.730685 0.442970 0.027673 0.112098
5 0.848071 0.668876 0.010827 0.012784
5 0.886340 0.613289 0.012283 0.014967
5 0.965420 0.696061 0.012746 0.017091
4 0.499795 0.427288 0.035437 0.100649
5 0.895898 0.652346 0.011179 0.012356
5 0.295030 0.654351 0.015031 0.013495