2 0.136568 0.282083 0.089126 0.114179
6 0.047313 0.745310 0.072942 0.207055
4 0.487636 0.556081 0.071987 0.219956
4 0.381779 0.387599 0.045790 0.161785
4 0.284854 0.321352 0.073694 0.124556
6 0.532048 0.251949 0.027653 0.118926
4 0.477973 0.280785 0.037358 0.113714
4 0.346683 0.293748 0.031160 0.126544
4 0.798283 0.277206 0.038745 0.097087
3 0.209825 0.272241 0.034023 0.126246
4 0.299465 0.326010 0.038987 0.117584
4 0.561045 0.248366 0.030324 0.102318
4 0.724737 0.311711 0.037503 0.118976
5 0.188120 0.603001 0.011381 0.017431
5 0.055437 0.101819 0.011681 0.015450
5 0.288758 0.661746 0.010387 0.018482
7 0.136568 0.282083 0.160427 0.171268
