2 0.130268 0.363769 0.060460 0.077382
6 0.919537 0.389493 0.020430 0.104193
4 0.333064 0.375866 0.023883 0.086767
4 0.360728 0.412263 0.026079 0.080913
4 0.665940 0.470409 0.036571 0.103572
4 0.476476 0.361554 0.028566 0.078336
4 0.706759 0.527704 0.035447 0.119203
4 0.562724 0.340225 0.021592 0.071627
4 0.706660 0.356923 0.020611 0.088313
4 0.723165 0.369130 0.019533 0.068980
4 0.691425 0.362278 0.020889 0.067017
5 0.559515 0.053241 0.007763 0.013326
5 0.656874 0.046941 0.009057 0.013839
5 0.814168 0.037213 0.010941 0.017942
5 0.265431 0.074741 0.007606 0.012863
5 0.855054 0.034606 0.011334 0.018922
5 0.340286 0.068863 0.008372 0.012564
5 0.868423 0.681882 0.014745 0.013156
5 0.533455 0.054620 0.008502 0.014446
4 0.599737 0.352929 0.045528 0.060202
5 0.769127 0.039835 0.010575 0.017844
4 0.174533 0.359693 0.023105 0.078772
3 0.173946 0.360029 0.024253 0.079172
5 0.693585 0.045245 0.009917 0.015559
5 0.940350 0.030027 0.013697 0.021650
4 0.581286 0.349029 0.015705 0.059501
5 0.891374 0.032210 0.011467 0.018019
5 0.729910 0.041672 0.010584 0.018784
5 0.318588 0.070059 0.009245 0.013468
5 0.323562 0.658671 0.007816 0.013394
5 0.482245 0.058974 0.008462 0.013105
5 0.506418 0.056169 0.009567 0.013522