4 0.293284 0.490865 0.056783 0.134308
4 0.874414 0.469983 0.043387 0.149884
4 0.536598 0.377110 0.031252 0.088840
4 0.424882 0.439282 0.034923 0.133133
2 0.340232 0.333321 0.066826 0.078732
4 0.663403 0.394928 0.032341 0.104183
6 0.146190 0.343525 0.019534 0.104262
4 0.682551 0.365639 0.030478 0.082981
4 0.401595 0.352042 0.029236 0.102250
4 0.431878 0.342626 0.021621 0.091183
5 0.619359 0.461245 0.020156 0.011696
5 0.447470 0.613110 0.007991 0.013418
5 0.538522 0.671033 0.009312 0.014954
4 0.410977 0.341651 0.018597 0.080643
7 0.340232 0.333321 0.120287 0.118098
