2 0.257802 0.408824 0.066715 0.075589
6 0.753236 0.582773 0.046055 0.165053
6 0.827605 0.453113 0.034760 0.113702
4 0.326505 0.434006 0.022439 0.105199
4 0.621609 0.509383 0.026662 0.118052
4 0.988973 0.479279 0.022054 0.127446
4 0.478294 0.408357 0.025669 0.093162
4 0.713699 0.448365 0.026326 0.099088
4 0.040679 0.518211 0.029055 0.125212
4 0.550016 0.464319 0.030458 0.112486
4 0.578553 0.471720 0.031961 0.117084
3 0.265784 0.405302 0.017507 0.080605
5 0.484168 0.093284 0.008235 0.013012
5 0.441008 0.097277 0.007319 0.012434
5 0.696943 0.074947 0.009791 0.016478
5 0.460287 0.096129 0.007855 0.013519
5 0.726510 0.073675 0.009474 0.015089
4 0.773573 0.436709 0.045285 0.102753
5 0.925495 0.059408 0.011426 0.018242
5 0.638877 0.081036 0.010242 0.015868
5 0.881721 0.063282 0.011798 0.019014
5 0.421298 0.098488 0.007470 0.012025
5 0.666358 0.077886 0.009774 0.014237
5 0.292833 0.638574 0.008145 0.013656
5 0.972326 0.056535 0.012424 0.020879
5 0.403552 0.100598 0.008288 0.012139
4 0.763081 0.437983 0.023964 0.099437
5 0.839204 0.065333 0.011671 0.018160
5 0.169584 0.564768 0.008504 0.013359
5 0.733404 0.453233 0.006051 0.011322
5 0.383341 0.100997 0.008063 0.012217
5 0.763001 0.071213 0.010523 0.010973