4 0.263574 0.509167 0.051364 0.088224
4 0.597968 0.513713 0.041634 0.086259
4 0.391277 0.473136 0.042254 0.080576
4 0.417936 0.458743 0.028970 0.076194
4 0.544367 0.441183 0.024360 0.073330
6 0.607566 0.349720 0.015706 0.057524
4 0.594677 0.430743 0.024275 0.077317
4 0.506158 0.391693 0.021238 0.055525
2 0.750439 0.389432 0.047455 0.068727
3 0.712809 0.388407 0.018513 0.065308
5 0.145461 0.136548 0.011296 0.016070
5 0.108497 0.135234 0.009614 0.013790
5 0.182366 0.137682 0.010027 0.014465
5 0.026489 0.132587 0.012754 0.018116
5 0.377844 0.143502 0.008789 0.014395
4 0.569262 0.399334 0.029266 0.055337
5 0.068194 0.134870 0.009780 0.014721
5 0.285694 0.140669 0.008720 0.014930
5 0.545483 0.149148 0.009469 0.016263
5 0.348158 0.142176 0.009959 0.016275
5 0.317889 0.141184 0.009586 0.015910
1 0.761772 0.506289 0.310126 0.127731
5 0.405081 0.144507 0.009967 0.015641
5 0.585644 0.150861 0.008142 0.013451
4 0.576374 0.402312 0.044614 0.063402
5 0.566157 0.149579 0.008152 0.013546
5 0.604269 0.150638 0.008567 0.014334
5 0.622642 0.152466 0.008644 0.013772
4 0.591550 0.407896 0.015276 0.072475
7 0.750439 0.389432 0.085419 0.103091
