6 0.049910 0.903824 0.098837 0.190804
4 0.245864 0.610775 0.051565 0.193113
4 0.748745 0.444840 0.045381 0.111282
4 0.847904 0.370892 0.037598 0.097884
4 0.343632 0.403632 0.043757 0.130397
2 0.730864 0.273805 0.057685 0.074055
6 0.630231 0.228588 0.022133 0.075231
4 0.810085 0.329241 0.029712 0.086540
4 0.380429 0.349123 0.028964 0.100900
4 0.474998 0.349046 0.034843 0.087184
4 0.633548 0.411733 0.034976 0.121323
4 0.636481 0.279794 0.028331 0.075156
4 0.340922 0.312535 0.033103 0.084839
3 0.718751 0.273289 0.028722 0.078965
5 0.169104 0.690643 0.006982 0.013652
7 0.730864 0.273805 0.103833 0.111083
