2 0.965964 0.424745 0.067648 0.109915
4 0.233212 0.573407 0.063192 0.164251
4 0.846587 0.498440 0.039415 0.143168
4 0.557833 0.490642 0.042093 0.135530
4 0.450494 0.428193 0.033580 0.099021
4 0.252077 0.431425 0.041880 0.098633
4 0.676469 0.435155 0.030164 0.112199
4 0.621643 0.400993 0.040204 0.086867
4 0.572297 0.406365 0.029144 0.078798
6 0.683578 0.358254 0.013888 0.090900
5 0.846581 0.658541 0.008872 0.010409
4 0.872026 0.456722 0.037453 0.115669
5 0.329978 0.640779 0.014238 0.012096
4 0.881849 0.427980 0.034054 0.085616
5 0.394736 0.016716 0.011947 0.020363
5 0.349291 0.015909 0.012826 0.023508
5 0.941307 0.035586 0.009363 0.014907
5 0.661417 0.024474 0.011200 0.018104
5 0.393682 0.470263 0.008841 0.011456
5 0.786109 0.029047 0.010676 0.017864
5 0.693949 0.025167 0.010448 0.015992
4 0.879977 0.451508 0.036593 0.128969
1 0.521189 0.457262 0.107199 0.090832
5 0.478894 0.019677 0.013018 0.021489
5 0.301744 0.014694 0.012559 0.021901
5 0.726132 0.026741 0.010833 0.018184
5 0.890605 0.645316 0.009208 0.013348
5 0.755989 0.028222 0.009515 0.016180
5 0.956273 0.685563 0.010855 0.014862
5 0.252576 0.013190 0.010752 0.017613
5 0.627289 0.023923 0.011113 0.017117
5 0.200780 0.011714 0.012057 0.017510
5 0.966608 0.035835 0.008429 0.014811
5 0.593166 0.022865 0.010985 0.017383
5 0.891609 0.643928 0.008724 0.012400
7 0.939117 0.424745 0.121766 0.164873
