4 0.296702 0.591789 0.062861 0.152061
4 0.829343 0.441601 0.051956 0.091242
6 0.063880 0.933311 0.098309 0.132605
4 0.207895 0.428554 0.037613 0.109244
4 0.528709 0.344663 0.024786 0.059366
2 0.731471 0.323158 0.051832 0.069521
4 0.388631 0.338561 0.029128 0.065231
4 0.528335 0.297023 0.022280 0.055850
4 0.340852 0.356455 0.039463 0.069275
4 0.862349 0.355947 0.028606 0.082673
4 0.425168 0.352828 0.027627 0.068418
3 0.726345 0.325325 0.025540 0.070173
5 0.647727 0.483512 0.008704 0.010797
5 0.257154 0.606204 0.011499 0.012827
5 0.007898 0.028615 0.012465 0.021490
5 0.054964 0.030200 0.011844 0.019140
5 0.033038 0.773862 0.008671 0.014535
4 0.948305 0.671862 0.103031 0.656275
5 0.183792 0.034236 0.009683 0.014776
5 0.709241 0.056287 0.008615 0.013029
5 0.497091 0.047688 0.009610 0.015499
4 0.123957 0.767195 0.066725 0.046480
5 0.520442 0.048809 0.008364 0.014111
4 0.928412 0.637818 0.143176 0.723219
5 0.223234 0.036065 0.009651 0.017096