4 0.288571 0.468167 0.058711 0.124975
2 0.851156 0.287856 0.062585 0.089219
4 0.688684 0.481220 0.044021 0.152431
6 0.040582 0.298397 0.028591 0.084973
4 0.183633 0.490697 0.041908 0.160004
4 0.566418 0.308404 0.031851 0.080692
4 0.419868 0.485110 0.043035 0.099553
4 0.655397 0.305017 0.025574 0.081331
4 0.773075 0.370946 0.029297 0.098332
4 0.507126 0.386327 0.037488 0.102130
4 0.713776 0.296830 0.020112 0.091769
4 0.687854 0.294615 0.021579 0.082767
3 0.798105 0.289943 0.027851 0.080511
5 0.109363 0.721204 0.007285 0.012060
4 0.797646 0.290715 0.028398 0.079673
1 0.041661 0.528843 0.082811 0.188205
5 0.992819 0.423279 0.008971 0.012070
7 0.851156 0.287856 0.112653 0.133829
