2 0.106905 0.435066 0.080672 0.093521
4 0.899431 0.453656 0.026788 0.116788
4 0.721839 0.441526 0.038264 0.111722
4 0.345655 0.487591 0.034175 0.126217
4 0.266052 0.441871 0.030707 0.104701
4 0.394942 0.420260 0.027204 0.107110
4 0.226494 0.436376 0.029384 0.108498
4 0.786085 0.459434 0.028258 0.116514
4 0.188526 0.435344 0.032355 0.107711
4 0.358540 0.438452 0.037385 0.104923
4 0.684763 0.452988 0.033973 0.128842
5 0.658265 0.036790 0.011579 0.018686
5 0.239679 0.759722 0.009667 0.015133
5 0.883242 0.022631 0.013465 0.022572
5 0.624848 0.038548 0.012057 0.019667
5 0.935114 0.019159 0.014458 0.025131
5 0.235415 0.068886 0.008120 0.012722
5 0.834087 0.025497 0.013894 0.022098
5 0.302202 0.064209 0.008870 0.015965
5 0.558165 0.045856 0.010969 0.018141
5 0.348250 0.061391 0.009688 0.015965
5 0.281282 0.065542 0.009256 0.015371
5 0.786109 0.028142 0.012801 0.021890
5 0.460839 0.052175 0.008855 0.016016
5 0.700418 0.034077 0.011185 0.014223
5 0.257010 0.067192 0.008461 0.015395
5 0.325680 0.062772 0.009972 0.016053
5 0.081635 0.606327 0.009655 0.010404
7 0.106905 0.435066 0.145210 0.140282
