2 0.364195 0.213586 0.066556 0.079141
4 0.312648 0.559101 0.054984 0.184450
4 0.409500 0.523367 0.052611 0.195796
4 0.733548 0.382345 0.047441 0.144290
4 0.343899 0.514871 0.056806 0.151724
4 0.429760 0.241717 0.028409 0.107977
4 0.256149 0.348872 0.045123 0.119230
4 0.581702 0.238663 0.028933 0.099665
6 0.372497 0.226678 0.037207 0.087241
4 0.075262 0.365729 0.030710 0.085177
5 0.123443 0.269061 0.006633 0.010006
4 0.735347 0.340134 0.036681 0.136563
5 0.565005 0.558566 0.010967 0.015992
5 0.433044 0.295003 0.009843 0.013427
5 0.472983 0.501123 0.009571 0.015157
5 0.651399 0.347079 0.021780 0.012484
6 0.093907 0.247709 0.024193 0.114807
3 0.372123 0.225559 0.037488 0.088139
4 0.093360 0.246919 0.024378 0.112518
5 0.275639 0.370473 0.007622 0.013096