4 0.788102 0.511176 0.030982 0.096729
4 0.685533 0.509717 0.022064 0.088265
4 0.473671 0.464695 0.020021 0.069918
4 0.285367 0.457271 0.017089 0.061952
4 0.142009 0.457192 0.021746 0.063301
4 0.588250 0.491282 0.023535 0.079754
4 0.346395 0.456388 0.020773 0.065026
4 0.157712 0.445691 0.014593 0.066136
4 0.388091 0.460690 0.013800 0.064155
4 0.183258 0.446109 0.020712 0.060640
5 0.045312 0.204220 0.009488 0.015236
4 0.668796 0.467126 0.016060 0.078179
5 0.019252 0.204160 0.010593 0.017291
4 0.537561 0.505706 0.021437 0.084313
4 0.532555 0.504694 0.034166 0.085110
5 0.625413 0.196536 0.010897 0.015010
5 0.592329 0.198304 0.009458 0.015039
5 0.891944 0.188670 0.009955 0.015288
5 0.136488 0.202619 0.008721 0.014915
5 0.168127 0.202490 0.010010 0.017594
5 0.852104 0.189569 0.011298 0.016759
5 0.661699 0.196016 0.010019 0.016028
5 0.523685 0.199537 0.010390 0.015552
5 0.931569 0.188119 0.011436 0.016063
5 0.455750 0.200084 0.009761 0.016549
5 0.812812 0.190263 0.009923 0.014188
5 0.198939 0.202336 0.008657 0.014842
5 0.264728 0.201045 0.009527 0.014599
5 0.230015 0.201428 0.008105 0.014076
4 0.524595 0.503184 0.019938 0.082705
5 0.773825 0.191840 0.007589 0.012919
5 0.045711 0.203595 0.011281 0.018328
5 0.293957 0.200058 0.008637 0.015289
5 0.319820 0.199656 0.008527 0.014587
5 0.353105 0.199752 0.009728 0.014557
5 0.556718 0.199541 0.010123 0.014685
5 0.490182 0.199681 0.009727 0.014174
5 0.296732 0.115378 0.008625 0.010882
5 0.846194 0.668195 0.012037 0.011336
5 0.799274 0.778416 0.013313 0.015195
5 0.198578 0.202389 0.011837 0.018539
5 0.523729 0.198868 0.011981 0.019769