2 0.198593 0.364322 0.082121 0.097022
4 0.716063 0.453857 0.047215 0.144402
4 0.799749 0.497771 0.047917 0.165195
4 0.642297 0.385153 0.026249 0.109905
4 0.700673 0.370263 0.030817 0.118018
4 0.387695 0.382027 0.035377 0.104634
4 0.314831 0.365102 0.029494 0.125106
4 0.563755 0.377250 0.025682 0.133936
6 0.025706 0.415129 0.026860 0.145143
4 0.372261 0.340025 0.027348 0.106087
3 0.218079 0.384092 0.042816 0.083219
4 0.289995 0.384781 0.031297 0.121577
5 0.242609 0.648641 0.009822 0.015831
5 0.091004 0.556692 0.010563 0.014412
7 0.198593 0.364322 0.147818 0.145533
