4 0.740073 0.547531 0.046572 0.175753
4 0.587572 0.438118 0.039327 0.148165
4 0.318449 0.407815 0.035227 0.117524
6 0.306718 0.313117 0.024294 0.095663
4 0.507639 0.381411 0.035291 0.104846
4 0.404623 0.348170 0.029484 0.108686
6 0.422532 0.322730 0.028676 0.088868
4 0.157158 0.427531 0.027881 0.115496
4 0.130585 0.439557 0.040440 0.110509
5 0.895331 0.414615 0.010762 0.013004
5 0.532118 0.620323 0.008292 0.014677
5 0.333923 0.483973 0.008638 0.014865
2 0.430438 0.323118 0.056001 0.078209
5 0.538871 0.508434 0.009246 0.015636
5 0.181979 0.378079 0.007117 0.012464
5 0.458017 0.567776 0.008749 0.013017
4 0.422687 0.322274 0.028645 0.089824