6 0.300129 0.784158 0.075083 0.311717
2 0.183289 0.384882 0.093921 0.115450
4 0.522347 0.422729 0.056057 0.110709
4 0.367525 0.410314 0.045003 0.130869
4 0.735419 0.473663 0.053261 0.161091
4 0.434789 0.421898 0.043660 0.142489
4 0.340674 0.466567 0.038397 0.128144
4 0.663477 0.367431 0.032028 0.109244
4 0.553129 0.375839 0.029971 0.122272
4 0.611368 0.396898 0.040169 0.116598
4 0.983932 0.393257 0.030281 0.118098
3 0.268565 0.382389 0.036074 0.115423
4 0.617353 0.361651 0.031676 0.121109
5 0.057942 0.609054 0.010691 0.017153
4 0.268455 0.382062 0.035836 0.115227
5 0.151829 0.590231 0.011025 0.013617
5 0.480943 0.567194 0.012108 0.013317
5 0.232942 0.717502 0.010275 0.017250
5 0.255241 0.546296 0.012559 0.012786