4 0.707066 0.674381 0.051234 0.146275
4 0.088021 0.720560 0.063709 0.172426
4 0.462580 0.370435 0.031536 0.067188
4 0.850535 0.371765 0.028054 0.078128
4 0.524381 0.402089 0.023003 0.089951
4 0.374922 0.371006 0.021461 0.071793
2 0.909896 0.341371 0.048561 0.068220
4 0.984480 0.460443 0.031040 0.105010
3 0.902354 0.357166 0.035369 0.061948
5 0.063139 0.069662 0.011276 0.017341
5 0.560535 0.080563 0.008822 0.014609
5 0.024331 0.068927 0.010435 0.016118
5 0.209548 0.075968 0.009982 0.016675
5 0.242353 0.076397 0.010210 0.016269
5 0.722048 0.082260 0.007985 0.013568
5 0.534570 0.079176 0.007591 0.011913
5 0.802864 0.083592 0.007965 0.013423
5 0.175201 0.074944 0.010618 0.017112
5 0.508021 0.078807 0.009609 0.013963
5 0.364443 0.078661 0.010021 0.014303
5 0.334338 0.078531 0.009904 0.015011
5 0.273026 0.077757 0.010221 0.015421
5 0.763341 0.082288 0.008818 0.013978
5 0.304923 0.078496 0.008758 0.014012
5 0.480316 0.078929 0.009191 0.014734
6 0.902500 0.356917 0.034876 0.063227
5 0.138770 0.072869 0.010657 0.015109
5 0.907855 0.086796 0.008375 0.014193
6 0.455976 0.299636 0.017279 0.077555
5 0.451958 0.078401 0.008506 0.012912
5 0.700446 0.081848 0.009142 0.013623
5 0.742840 0.082699 0.007266 0.012461
4 0.902587 0.357262 0.036079 0.063605
5 0.782727 0.083621 0.008767 0.013980
7 0.909896 0.341371 0.087410 0.102330
