6 0.449069 0.436704 0.020300 0.104950
4 0.590177 0.466635 0.032682 0.096852
6 0.699659 0.372557 0.015692 0.074255
4 0.283201 0.420553 0.021340 0.083168
4 0.758982 0.400035 0.023668 0.084913
4 0.352922 0.407080 0.020098 0.084188
4 0.329327 0.350684 0.019203 0.064882
4 0.513825 0.441644 0.023939 0.097556
4 0.564174 0.521777 0.028861 0.117464
4 0.661706 0.420830 0.025329 0.098836
4 0.482156 0.420254 0.022894 0.094586
4 0.283771 0.337747 0.021405 0.062892
5 0.559772 0.117526 0.006483 0.011317
5 0.947511 0.095059 0.009655 0.015003
5 0.792417 0.102233 0.008414 0.013813
5 0.766577 0.103688 0.008999 0.014726
5 0.439207 0.352426 0.012392 0.010630
5 0.541674 0.119000 0.007700 0.012571
4 0.719712 0.336092 0.019176 0.064926
5 0.589383 0.541281 0.008731 0.014769
5 0.991989 0.093170 0.011493 0.018811
5 0.652789 0.112306 0.009214 0.014315
4 0.868979 0.372647 0.027318 0.072168
5 0.627677 0.113237 0.006862 0.010198
4 0.666989 0.403644 0.019201 0.079249
5 0.737865 0.106613 0.009981 0.015429
5 0.827124 0.101054 0.010313 0.014634
5 0.905136 0.096637 0.008533 0.011679
5 0.678539 0.110253 0.008745 0.013955
5 0.947802 0.095156 0.011737 0.018934
5 0.523043 0.120276 0.007420 0.011988
6 0.284151 0.337780 0.021152 0.062842
5 0.706308 0.107662 0.008645 0.014780