2 0.124512 0.442833 0.080518 0.095177
4 0.925943 0.537325 0.047672 0.119029
4 0.551423 0.485297 0.037311 0.119454
4 0.337536 0.471487 0.037733 0.103845
4 0.374314 0.418528 0.027479 0.098871
4 0.663381 0.435156 0.033941 0.076322
4 0.214319 0.455379 0.029615 0.107638
4 0.232869 0.458533 0.027681 0.104631
4 0.471583 0.436621 0.028236 0.100317
4 0.447183 0.409619 0.031133 0.076523
4 0.711104 0.421601 0.023429 0.094592
5 0.257572 0.770808 0.010470 0.016336
5 0.808597 0.036550 0.011785 0.019390
5 0.321002 0.073462 0.008638 0.014817
5 0.645112 0.047698 0.011581 0.018727
5 0.609286 0.051279 0.011588 0.020176
5 0.367263 0.070604 0.009704 0.015973
5 0.395293 0.068263 0.010881 0.015862
5 0.857318 0.034128 0.012237 0.018606
5 0.344274 0.071405 0.010062 0.015467
5 0.577895 0.054416 0.011283 0.019059
5 0.679613 0.046617 0.011164 0.017630
5 0.721650 0.042327 0.010539 0.011648
5 0.299721 0.075457 0.009783 0.015395
5 0.907483 0.030133 0.015418 0.023833
5 0.959623 0.026720 0.015631 0.023843
5 0.422650 0.066910 0.011456 0.015149
5 0.275288 0.076238 0.010445 0.015769
5 0.018223 0.633867 0.009930 0.015468
5 0.168813 0.720367 0.009202 0.015787
5 0.510122 0.058905 0.009917 0.017151
5 0.721964 0.041535 0.011674 0.015091
7 0.124512 0.442833 0.144932 0.142765
