6 0.083510 0.336083 0.036148 0.138554
2 0.269954 0.295023 0.076924 0.096859
4 0.636510 0.483664 0.045177 0.171027
4 0.578224 0.483942 0.050775 0.172720
4 0.392011 0.407507 0.043017 0.135624
4 0.356016 0.314087 0.025762 0.113313
4 0.742628 0.355282 0.043449 0.097253
4 0.383253 0.319794 0.046870 0.110814
4 0.984831 0.381808 0.030338 0.151565
5 0.406350 0.650648 0.010110 0.017175
5 0.314053 0.591779 0.009937 0.015096
5 0.159213 0.493600 0.009263 0.015746
4 0.433648 0.286652 0.035542 0.086557
4 0.447300 0.286718 0.063265 0.089508
5 0.242696 0.479212 0.009544 0.012411
3 0.320984 0.289260 0.027991 0.104301
4 0.323198 0.299643 0.029439 0.122311
4 0.538444 0.273892 0.039101 0.092314
7 0.269954 0.295023 0.138463 0.145288
