6 0.422095 0.766479 0.062874 0.232317
4 0.444812 0.428056 0.047647 0.135143
2 0.378508 0.336682 0.083603 0.103734
6 0.642607 0.289475 0.029402 0.101602
4 0.591896 0.466756 0.053763 0.141374
4 0.593671 0.380308 0.046297 0.111654
4 0.402865 0.362695 0.030407 0.117730
4 0.799407 0.401555 0.036736 0.118164
4 0.435788 0.340257 0.034457 0.100401
4 0.717802 0.327683 0.034734 0.096682
4 0.587505 0.307230 0.026650 0.084772
5 0.778100 0.368388 0.009266 0.013280
4 0.990984 0.451623 0.018031 0.167540
5 0.264479 0.540212 0.009831 0.015925
5 0.518393 0.713546 0.010476 0.016225
5 0.110595 0.435419 0.008101 0.012995
7 0.378508 0.336682 0.150485 0.155601
