4 0.315163 0.558286 0.039439 0.139288
6 0.906273 0.631680 0.057025 0.177871
6 0.093429 0.346541 0.018673 0.063061
4 0.843050 0.360884 0.025382 0.062324
4 0.647789 0.409534 0.023658 0.094903
3 0.955110 0.363407 0.023583 0.072068
4 0.769835 0.400413 0.025168 0.078420
4 0.504140 0.349629 0.019302 0.065698
4 0.375173 0.353432 0.018670 0.069992
4 0.224582 0.353338 0.018198 0.061360
2 0.976310 0.367324 0.047299 0.079595
4 0.764450 0.352023 0.040117 0.072955
5 0.821609 0.093691 0.008117 0.013261
5 0.798611 0.092819 0.008006 0.013317
5 0.753217 0.092631 0.008249 0.013322
5 0.603174 0.092030 0.009374 0.014738
5 0.099373 0.085154 0.011014 0.017873
5 0.031580 0.082327 0.010357 0.014964
5 0.575702 0.090916 0.009703 0.013598
5 0.547404 0.091071 0.009638 0.015533
5 0.776396 0.092744 0.008992 0.013133
5 0.061963 0.083863 0.010204 0.015361
5 0.276270 0.090489 0.010458 0.015141
5 0.842526 0.093357 0.008341 0.013729
5 0.518980 0.091038 0.010201 0.014823
5 0.489585 0.091151 0.009010 0.014227
5 0.729961 0.092700 0.009049 0.014977
5 0.306950 0.090821 0.009306 0.013442
5 0.243356 0.089426 0.010072 0.016930
5 0.865289 0.093850 0.007561 0.012737
5 0.547858 0.091522 0.011692 0.019337
5 0.368796 0.090850 0.010297 0.014678
5 0.208979 0.089299 0.010594 0.014798
5 0.884116 0.512611 0.011200 0.013784
5 0.338947 0.090233 0.009415 0.012943
4 0.027483 0.338503 0.014402 0.068515
5 0.399344 0.090975 0.008865 0.014101
7 0.957431 0.367324 0.085138 0.119392
