4 0.184657 0.545542 0.041410 0.110656
2 0.886986 0.419060 0.061436 0.085912
4 0.766033 0.450064 0.028350 0.086503
4 0.705848 0.488955 0.027173 0.102645
4 0.796670 0.413615 0.022043 0.074571
4 0.503883 0.387197 0.022307 0.059038
4 0.464539 0.424697 0.027857 0.051580
4 0.438440 0.385533 0.023552 0.050500
4 0.606782 0.422035 0.019172 0.067491
4 0.382882 0.418744 0.023162 0.062436
4 0.332860 0.416769 0.025011 0.069479
6 0.261868 0.394991 0.021466 0.069096
5 0.459857 0.137279 0.008235 0.013403
5 0.490147 0.138698 0.009469 0.014597
5 0.396501 0.136065 0.008039 0.012233
5 0.646705 0.142192 0.008143 0.014031
5 0.105387 0.129971 0.010978 0.017394
5 0.428714 0.136904 0.009515 0.015505
5 0.622803 0.141515 0.008591 0.014971
5 0.062911 0.128480 0.011803 0.016335
5 0.257418 0.133467 0.008232 0.013889
4 0.477275 0.405503 0.022828 0.059803
5 0.220371 0.132392 0.010005 0.014677
5 0.018394 0.126079 0.011785 0.017259
5 0.184392 0.132342 0.008110 0.012796
5 0.362941 0.135382 0.008725 0.012729
5 0.792564 0.577495 0.008167 0.011473
5 0.670606 0.142880 0.007649 0.011994
5 0.144115 0.132074 0.009742 0.013829
5 0.692511 0.143574 0.007993 0.012697
5 0.714988 0.143678 0.008100 0.013191
5 0.546050 0.139676 0.007561 0.012356
5 0.735573 0.145261 0.008778 0.013573
5 0.213904 0.780402 0.008228 0.012774
5 0.867086 0.149826 0.009106 0.013880