4 0.538648 0.537499 0.050046 0.122216
4 0.121855 0.551436 0.042590 0.134135
4 0.192505 0.431403 0.027454 0.077709
2 0.771557 0.432417 0.079495 0.107180
4 0.616590 0.414573 0.022769 0.080690
4 0.563142 0.392068 0.031153 0.078075
4 0.299327 0.465821 0.029374 0.082011
4 0.655266 0.408439 0.024105 0.070564
4 0.723618 0.454999 0.024167 0.100657
5 0.710700 0.624882 0.007699 0.010462
5 0.099252 0.087134 0.010730 0.017535
4 0.706656 0.429021 0.027291 0.121096
5 0.763504 0.114966 0.009663 0.014458
5 0.353873 0.096692 0.009035 0.016084
5 0.675458 0.638001 0.011316 0.010629
5 0.540623 0.104751 0.009791 0.015197
5 0.483341 0.102434 0.010044 0.015510
5 0.567116 0.105963 0.010473 0.017217
5 0.278300 0.094287 0.011990 0.017845
5 0.237463 0.092355 0.011794 0.017423
5 0.512177 0.102802 0.008895 0.014272
5 0.454111 0.101443 0.009901 0.016307
5 0.193824 0.090405 0.012646 0.020115
5 0.227058 0.650010 0.012818 0.012359
5 0.592288 0.107154 0.010458 0.016898
5 0.743411 0.115096 0.009893 0.015895
5 0.147933 0.088315 0.011225 0.017114
4 0.738817 0.425501 0.019962 0.092801
5 0.048823 0.085427 0.009198 0.010323
3 0.739370 0.425791 0.019634 0.095828
7 0.771557 0.432417 0.143091 0.160770
