2 0.950951 0.451758 0.095896 0.122314
6 0.852171 0.875492 0.067559 0.243424
4 0.203661 0.513690 0.053088 0.153951
4 0.240446 0.453042 0.041521 0.130451
4 0.388143 0.458769 0.040089 0.146068
4 0.477463 0.402991 0.030077 0.104665
4 0.615556 0.474432 0.030564 0.135951
4 0.515751 0.422980 0.028106 0.156616
4 0.373469 0.430000 0.031865 0.117601
6 0.523776 0.403391 0.029544 0.117142
5 0.202097 0.723522 0.013812 0.011075
3 0.863695 0.433901 0.034325 0.131879
5 0.807852 0.723358 0.011745 0.012038
5 0.425796 0.499988 0.011822 0.018693
5 0.951213 0.581008 0.013067 0.012989
5 0.858910 0.705037 0.011612 0.012496