4 0.452789 0.632674 0.075179 0.198705
4 0.527298 0.433889 0.053926 0.150209
2 0.597397 0.316021 0.089562 0.108490
4 0.968781 0.469237 0.051373 0.181215
4 0.326242 0.385490 0.031553 0.155043
6 0.459134 0.392520 0.037754 0.172314
4 0.297371 0.426290 0.036953 0.184559
4 0.663817 0.367033 0.035748 0.133044
4 0.706429 0.364227 0.038147 0.123551
4 0.759918 0.406965 0.036470 0.154209
3 0.590294 0.315649 0.033049 0.114142
4 0.749986 0.359675 0.036335 0.112563
5 0.366806 0.518099 0.008146 0.012916
5 0.241279 0.374656 0.014664 0.017139
5 0.636945 0.646386 0.009377 0.015498
5 0.474184 0.525124 0.011035 0.017125