4 0.512588 0.602187 0.055896 0.159445
4 0.155746 0.456915 0.045546 0.104098
4 0.402451 0.411863 0.025821 0.081110
2 0.686609 0.360467 0.055688 0.075020
4 0.547289 0.484215 0.045086 0.108732
4 0.824913 0.398405 0.049428 0.071540
4 0.594023 0.381325 0.027944 0.064276
4 0.615643 0.353297 0.026519 0.064478
4 0.753787 0.402892 0.029547 0.074284
4 0.437375 0.360909 0.023480 0.058514
5 0.816414 0.480909 0.006244 0.008831
5 0.121628 0.052364 0.011354 0.019491
3 0.680663 0.359718 0.026363 0.081912
5 0.205067 0.055650 0.010613 0.016972
5 0.164809 0.053840 0.010976 0.018164
5 0.075501 0.050302 0.010844 0.016359
5 0.243260 0.057875 0.011606 0.017903
5 0.851193 0.464694 0.007290 0.011921
4 0.684033 0.372400 0.021036 0.071317
5 0.428606 0.066064 0.009792 0.014595
5 0.503054 0.070336 0.008080 0.013825
5 0.525246 0.071044 0.009652 0.014137
5 0.479313 0.069710 0.008281 0.015137
5 0.674014 0.551003 0.007234 0.010447
5 0.657847 0.078136 0.009285 0.013280
5 0.454718 0.068204 0.009584 0.016464
7 0.686609 0.360467 0.100238 0.112530
