6 0.077465 0.798737 0.060685 0.170886
4 0.196339 0.437805 0.028324 0.083716
4 0.709627 0.492722 0.035392 0.113691
4 0.346143 0.438826 0.028762 0.084714
4 0.453118 0.420129 0.036763 0.081825
4 0.271956 0.464371 0.034662 0.094508
4 0.242873 0.411738 0.024421 0.101951
4 0.379173 0.456382 0.033117 0.101319
4 0.809971 0.448382 0.030606 0.094742
4 0.497330 0.425633 0.034757 0.080350
4 0.595127 0.400856 0.025704 0.086917
4 0.383514 0.392812 0.029935 0.079617
2 0.165499 0.417989 0.073577 0.095023
5 0.596821 0.047128 0.009744 0.015913
5 0.661320 0.040079 0.011127 0.018751
5 0.913397 0.024456 0.013559 0.022565
5 0.206997 0.679912 0.009215 0.014446
5 0.308057 0.068293 0.009955 0.015070
5 0.694041 0.037887 0.010479 0.016899
5 0.064473 0.596501 0.008842 0.014945
5 0.331287 0.066886 0.008879 0.015125
5 0.864614 0.026753 0.013527 0.022817
5 0.422293 0.059608 0.009010 0.014729
5 0.964111 0.019491 0.015094 0.024894
5 0.626966 0.043254 0.011316 0.018049
4 0.494180 0.401770 0.028073 0.097155
5 0.373777 0.063742 0.010907 0.017496
5 0.818501 0.030330 0.011778 0.021440
5 0.395078 0.062685 0.009122 0.015207