4 0.490697 0.484681 0.019360 0.072253
6 0.900845 0.518233 0.031097 0.092495
4 0.141240 0.470868 0.028752 0.070615
4 0.174004 0.454086 0.020481 0.058034
4 0.579419 0.469870 0.027259 0.081225
4 0.720260 0.496032 0.017297 0.083633
4 0.545646 0.489523 0.020022 0.089578
4 0.535380 0.487201 0.021086 0.074032
4 0.818539 0.498023 0.032855 0.090846
4 0.442136 0.474408 0.018233 0.063573
4 0.372998 0.463662 0.014386 0.063293
5 0.584134 0.203101 0.008645 0.013046
4 0.752605 0.479241 0.020034 0.090784
5 0.548365 0.205089 0.009152 0.015541
5 0.516078 0.205335 0.009726 0.016045
5 0.344515 0.204691 0.010858 0.016142
5 0.285380 0.205400 0.009076 0.014821
5 0.447827 0.205130 0.009201 0.015271
5 0.481875 0.204950 0.010280 0.015628
5 0.221606 0.206993 0.008925 0.015675
5 0.617701 0.202299 0.009524 0.014400
5 0.311772 0.204688 0.008580 0.013989
5 0.034957 0.209935 0.008747 0.014129
5 0.920914 0.194227 0.011975 0.016875
5 0.008661 0.209136 0.010306 0.017363
5 0.881733 0.194962 0.011477 0.016508
5 0.158778 0.208211 0.011705 0.019233
5 0.652807 0.201573 0.009539 0.013775
5 0.255897 0.206559 0.010648 0.017271
5 0.190160 0.207720 0.009574 0.016662
5 0.803432 0.196599 0.010361 0.016683
5 0.066963 0.208183 0.009323 0.011313
5 0.842189 0.195567 0.011773 0.017867
5 0.764657 0.198226 0.009132 0.014120
5 0.127639 0.207601 0.009411 0.016686
5 0.448094 0.204678 0.011307 0.018026
1 0.984346 0.562803 0.031307 0.093732
5 0.967349 0.183067 0.020229 0.020498
5 0.997105 0.192575 0.005790 0.015484
5 0.688127 0.198514 0.010582 0.011226