4 0.110097 0.467459 0.055904 0.115750
4 0.305260 0.343493 0.022080 0.073409
4 0.298709 0.420194 0.028298 0.073146
4 0.483479 0.452063 0.035813 0.117891
4 0.704057 0.395752 0.023717 0.091587
4 0.408549 0.332547 0.020566 0.071183
4 0.447827 0.395761 0.035169 0.076718
4 0.415068 0.523230 0.031946 0.068259
5 0.371823 0.076051 0.008247 0.014335
4 0.064838 0.302526 0.034230 0.061370
5 0.744151 0.060090 0.010371 0.015822
5 0.681723 0.062787 0.010265 0.015793
5 0.294606 0.468601 0.008846 0.012691
5 0.593978 0.065490 0.008687 0.016123
5 0.881808 0.053441 0.010471 0.016115
5 0.712409 0.062124 0.010627 0.016615
5 0.237013 0.470443 0.007457 0.008597
5 0.476627 0.070822 0.008179 0.013011
5 0.810669 0.057551 0.008692 0.014246
5 0.568573 0.066288 0.007857 0.014227
5 0.525874 0.067428 0.009569 0.013733