4 0.587741 0.452215 0.024806 0.088949
4 0.926016 0.532034 0.041108 0.119725
4 0.364056 0.443201 0.022506 0.076218
4 0.657430 0.405177 0.019569 0.063836
4 0.386198 0.403711 0.021017 0.058425
4 0.439435 0.393258 0.016367 0.063552
4 0.179102 0.417295 0.024582 0.067635
4 0.264404 0.402075 0.028840 0.050341
4 0.869445 0.633748 0.042406 0.128765
5 0.879345 0.151827 0.010225 0.015659
5 0.853869 0.152896 0.010046 0.015836
5 0.953716 0.152727 0.008776 0.014739
5 0.182563 0.152359 0.009626 0.015679
5 0.120860 0.152123 0.008752 0.014097
5 0.089902 0.152487 0.009137 0.015152
4 0.030257 0.388293 0.024928 0.047138
5 0.697272 0.153874 0.009732 0.016029
5 0.059606 0.152417 0.010121 0.015887
5 0.929903 0.153261 0.008189 0.013342
5 0.904748 0.152407 0.009009 0.013715
5 0.669647 0.153967 0.009672 0.013973
5 0.978891 0.152600 0.008981 0.013749
5 0.641038 0.153652 0.010240 0.015494
5 0.359432 0.156345 0.010306 0.015804
5 0.206659 0.152977 0.009090 0.013832
5 0.471385 0.155755 0.009696 0.015274
5 0.237526 0.154157 0.009650 0.014948
5 0.443943 0.156569 0.008533 0.013766
5 0.415249 0.156433 0.008731 0.012308
5 0.154960 0.152634 0.010278 0.016367
5 0.329811 0.155794 0.009335 0.016162
5 0.387863 0.155985 0.009848 0.013542
4 0.023390 0.391234 0.036757 0.053099
5 0.481352 0.442043 0.016003 0.011291
5 0.026903 0.151875 0.009883 0.016456
5 0.829672 0.152206 0.011292 0.018695
5 0.021405 0.412228 0.009644 0.012881
5 0.584906 0.154353 0.009102 0.013062
5 0.354270 0.296694 0.008371 0.014193
5 0.612923 0.153891 0.010400 0.014325