4 0.635133 0.478800 0.055595 0.127594
4 0.453869 0.565741 0.051202 0.170837
6 0.051799 0.306333 0.028429 0.095733
4 0.238149 0.411128 0.041752 0.113299
2 0.599575 0.272865 0.050643 0.066531
4 0.406372 0.305111 0.029548 0.071588
6 0.642666 0.352150 0.022027 0.114897
4 0.602082 0.359108 0.035489 0.087516
4 0.669022 0.322870 0.026267 0.088831
4 0.513625 0.332076 0.021014 0.082624
4 0.529941 0.339373 0.023154 0.076057
4 0.505116 0.310119 0.027385 0.071020
4 0.590887 0.283960 0.033459 0.076670
5 0.130255 0.483171 0.012320 0.011131
5 0.601878 0.405047 0.008819 0.011493
5 0.520174 0.444016 0.009059 0.014451
4 0.959711 0.549745 0.080578 0.900510
7 0.599575 0.272865 0.091157 0.099797
