4 0.425332 0.474125 0.054279 0.116471
2 0.947439 0.424939 0.081369 0.107200
4 0.632345 0.522683 0.043307 0.136795
6 0.770811 0.351944 0.020943 0.090925
4 0.712505 0.372861 0.025662 0.070872
4 0.801431 0.440832 0.030271 0.123705
4 0.116212 0.506418 0.040858 0.123444
4 0.644903 0.392222 0.029513 0.093486
4 0.351506 0.391702 0.038099 0.079140
4 0.689801 0.400841 0.027575 0.084771
3 0.864969 0.414979 0.029823 0.103294
5 0.342530 0.626334 0.014252 0.010527
6 0.526862 0.958848 0.057220 0.080057
4 0.405310 0.386074 0.031932 0.071136
5 0.620157 0.049166 0.009268 0.014589
5 0.220836 0.037028 0.011842 0.018633
5 0.269497 0.038555 0.011503 0.017953
5 0.859300 0.595453 0.010184 0.012544
5 0.315723 0.040297 0.011700 0.019801
5 0.915135 0.059618 0.008631 0.013289
5 0.928502 0.668919 0.009535 0.012559
5 0.588240 0.048275 0.009471 0.015391
5 0.682816 0.051750 0.009182 0.015830
5 0.868037 0.630393 0.007463 0.010220
5 0.712631 0.052841 0.008836 0.014302
5 0.621599 0.048779 0.010678 0.015654
5 0.740983 0.053483 0.009070 0.014775
5 0.762316 0.484499 0.008583 0.010522
5 0.652294 0.050384 0.008820 0.015085
5 0.825698 0.643702 0.011173 0.013058
5 0.360565 0.041272 0.011301 0.019516
5 0.066212 0.034200 0.012225 0.018734