2 0.486443 0.306346 0.088103 0.105273
4 0.352210 0.491287 0.061437 0.177937
4 0.617308 0.402198 0.041692 0.170898
4 0.724866 0.410787 0.041322 0.157337
4 0.881579 0.473239 0.058712 0.184783
4 0.703642 0.332602 0.032997 0.128702
4 0.678424 0.374970 0.033629 0.138873
4 0.187407 0.348736 0.036853 0.129217
3 0.487556 0.307001 0.037162 0.115525
4 0.569185 0.317568 0.032325 0.133278
4 0.547655 0.353771 0.032384 0.132369
4 0.367413 0.350112 0.034510 0.139628
6 0.347434 0.366324 0.023610 0.127130
5 0.527783 0.628203 0.010017 0.016904
5 0.259980 0.452884 0.009746 0.011268
5 0.627451 0.698243 0.012108 0.019911