6 0.226815 0.869520 0.064711 0.181601
4 0.552637 0.592243 0.051216 0.104040
4 0.315399 0.618463 0.042307 0.120472
4 0.462087 0.450540 0.032981 0.068497
4 0.422324 0.414213 0.034793 0.060252
4 0.770937 0.559612 0.034234 0.128823
4 0.519147 0.413667 0.021864 0.082720
4 0.119549 0.432017 0.024888 0.080660
4 0.839485 0.515249 0.026465 0.094462
4 0.389149 0.419970 0.017056 0.067353
6 0.358968 0.383935 0.015557 0.061590
4 0.340678 0.457184 0.024081 0.070847
3 0.008415 0.424897 0.016830 0.069715
5 0.646910 0.138213 0.008772 0.014289
2 0.009892 0.432488 0.019784 0.074734
5 0.894826 0.130398 0.011136 0.017364
5 0.379931 0.151943 0.007498 0.012098
5 0.028769 0.624921 0.009125 0.012384
5 0.939781 0.127575 0.012647 0.017657
5 0.683511 0.137098 0.010842 0.015816
5 0.179596 0.683996 0.009414 0.013100
5 0.491222 0.146264 0.009346 0.014401
5 0.357301 0.152993 0.008666 0.013957
5 0.989981 0.124598 0.012703 0.018846
5 0.640042 0.660234 0.011493 0.013557
5 0.618569 0.139542 0.009841 0.015334
5 0.461530 0.146660 0.008216 0.013349
5 0.334349 0.154579 0.009061 0.014524
5 0.806116 0.133265 0.010161 0.017381
5 0.850074 0.132224 0.010821 0.017194
5 0.551988 0.143067 0.008267 0.013681
5 0.587485 0.141326 0.009456 0.015189
5 0.313248 0.155608 0.010327 0.014394
5 0.521110 0.145081 0.009145 0.013857
5 0.763709 0.134497 0.010290 0.014255
5 0.185428 0.162994 0.008937 0.014585
5 0.422151 0.476947 0.007471 0.012239
5 0.380126 0.151607 0.008515 0.015273
5 0.148658 0.164441 0.008821 0.014424
5 0.647214 0.138928 0.011025 0.017305
5 0.131008 0.164859 0.008272 0.012838
5 0.115566 0.165817 0.008567 0.013037
5 0.165877 0.164847 0.008463 0.013964