4 0.372391 0.470039 0.043304 0.101618
6 0.841834 0.362587 0.023852 0.083358
4 0.529119 0.475716 0.040775 0.115780
4 0.709002 0.396410 0.023509 0.093273
4 0.552450 0.364363 0.028186 0.074345
4 0.814243 0.411205 0.022192 0.082546
2 0.812548 0.387231 0.065743 0.084084
4 0.670982 0.356358 0.025330 0.064749
4 0.763467 0.399647 0.022509 0.076585
4 0.689422 0.367523 0.021364 0.061651
6 0.335461 0.954886 0.069846 0.088118
5 0.540309 0.072045 0.008829 0.014588
5 0.314507 0.064077 0.010676 0.016861
3 0.787196 0.392960 0.023395 0.071450
5 0.567347 0.072509 0.008922 0.014540
5 0.274869 0.062116 0.012958 0.019010
5 0.233710 0.061240 0.011091 0.016801
5 0.512662 0.071258 0.009494 0.015292
5 0.785912 0.082942 0.008528 0.013930
5 0.713679 0.575109 0.008906 0.010745
4 0.106949 0.884454 0.074944 0.054723
5 0.303552 0.574048 0.011863 0.012212
5 0.593240 0.074464 0.008392 0.014206
5 0.351335 0.065604 0.011953 0.018318
5 0.420419 0.067646 0.009369 0.013956
4 0.786823 0.392056 0.023203 0.069813
5 0.806182 0.083196 0.009059 0.014459
5 0.618845 0.074776 0.009089 0.013749
5 0.661773 0.443184 0.008269 0.011587
5 0.642068 0.075470 0.008566 0.013861
5 0.049830 0.056385 0.011070 0.017204
1 0.810437 0.548910 0.379127 0.154819
5 0.190442 0.059036 0.010429 0.016805
7 0.812548 0.387231 0.118337 0.126126
