4 0.107422 0.553181 0.037579 0.093319
4 0.485619 0.455254 0.031966 0.053954
4 0.637883 0.466997 0.029260 0.064689
4 0.396457 0.503489 0.025156 0.083179
3 0.886986 0.464390 0.027413 0.069658
4 0.755172 0.505785 0.022186 0.081259
4 0.524167 0.451620 0.025731 0.060172
4 0.649785 0.440644 0.021854 0.067316
4 0.569175 0.427686 0.022826 0.050337
4 0.099863 0.911885 0.086985 0.172365
6 0.411604 0.428915 0.019371 0.059732
4 0.301983 0.453086 0.020239 0.054017
5 0.260767 0.193773 0.009282 0.014526
5 0.515270 0.197089 0.008036 0.013484
5 0.190505 0.192468 0.011607 0.016579
5 0.153591 0.191695 0.010780 0.016142
5 0.327026 0.194577 0.010725 0.015281
5 0.485393 0.196120 0.009927 0.016168
2 0.940161 0.471243 0.062220 0.084231
5 0.114044 0.189687 0.010854 0.014858
5 0.783867 0.201029 0.009587 0.013559
5 0.293660 0.194116 0.010380 0.015688
5 0.224741 0.193770 0.010435 0.015964
5 0.916896 0.204564 0.008844 0.013759
5 0.718929 0.200665 0.008748 0.015983
5 0.424484 0.196148 0.008295 0.014028
5 0.763545 0.200437 0.009657 0.013297
5 0.455835 0.196409 0.010201 0.016553
5 0.485592 0.195815 0.011945 0.020247
5 0.543791 0.197583 0.008953 0.014267
5 0.805429 0.202566 0.007771 0.014065
5 0.741217 0.201058 0.009057 0.013273
5 0.936244 0.204164 0.007570 0.011975
5 0.784833 0.201766 0.009535 0.016507
5 0.802908 0.485596 0.008291 0.011129
7 0.940161 0.471243 0.111996 0.126347
