4 0.626735 0.455610 0.030044 0.113706
4 0.724562 0.390247 0.022287 0.081365
4 0.479154 0.357059 0.019034 0.079071
4 0.332336 0.454707 0.028003 0.114037
4 0.450392 0.395144 0.023610 0.087731
4 0.373683 0.355856 0.023579 0.077369
4 0.758547 0.383815 0.023534 0.074766
5 0.784230 0.082539 0.007968 0.013986
5 0.758877 0.084831 0.009172 0.016295
4 0.419383 0.409146 0.021410 0.091722
5 0.917522 0.071906 0.009972 0.016412
5 0.880068 0.074586 0.008835 0.015172
4 0.396589 0.362069 0.033751 0.068185
5 0.710118 0.089403 0.009645 0.015030
5 0.732806 0.085914 0.009878 0.016418
5 0.955496 0.069137 0.010880 0.017232
4 0.419811 0.388364 0.024406 0.134109
5 0.554709 0.613399 0.008189 0.012699
2 0.413755 0.356159 0.023933 0.078307
5 0.483590 0.569638 0.006986 0.011588
5 0.641479 0.094513 0.006511 0.012135
7 0.413755 0.356159 0.043079 0.117460
