2 0.786094 0.440297 0.073235 0.095130
6 0.457962 0.709987 0.060278 0.216720
4 0.280454 0.538823 0.041980 0.111516
4 0.595938 0.451404 0.028095 0.090344
4 0.676953 0.486549 0.029764 0.097961
4 0.628481 0.461290 0.029781 0.093859
4 0.347796 0.426706 0.026652 0.070286
3 0.721857 0.432394 0.024960 0.093086
4 0.251254 0.446218 0.031989 0.078904
4 0.477839 0.455170 0.031556 0.111326
4 0.514824 0.430027 0.030178 0.073708
4 0.447458 0.399995 0.022258 0.067833
5 0.213997 0.658950 0.012446 0.009763
5 0.346212 0.084105 0.007699 0.013574
4 0.479431 0.415093 0.021049 0.091584
5 0.680576 0.647583 0.007797 0.009411
5 0.080636 0.073689 0.012119 0.020037
5 0.772292 0.102529 0.008637 0.014576
5 0.751625 0.102062 0.010288 0.015143
5 0.131578 0.075076 0.010830 0.016847
5 0.511119 0.090162 0.009596 0.014808
5 0.179629 0.076177 0.010632 0.016910
5 0.540030 0.091966 0.008829 0.014310
5 0.267897 0.080010 0.010332 0.015991
5 0.568372 0.092924 0.008510 0.014478
5 0.224804 0.078751 0.010638 0.015947
5 0.772609 0.664489 0.009000 0.013823
5 0.481195 0.088949 0.008547 0.013818
5 0.450335 0.088224 0.009068 0.014456
5 0.593945 0.093773 0.008800 0.014372
5 0.167568 0.813657 0.016629 0.011783
5 0.727157 0.557237 0.010376 0.013323
5 0.718191 0.631304 0.007840 0.009820
5 0.665794 0.713137 0.008003 0.011690
5 0.785472 0.537376 0.009573 0.013683