2 0.945937 0.393957 0.087390 0.111153
4 0.506926 0.520212 0.043274 0.137671
4 0.187652 0.567542 0.057130 0.191702
4 0.102416 0.426922 0.039687 0.119350
4 0.352681 0.407012 0.040728 0.119215
3 0.849714 0.412740 0.050283 0.086295
4 0.570358 0.404712 0.040851 0.093032
4 0.676294 0.366230 0.030461 0.088132
4 0.776604 0.398938 0.036177 0.098711
4 0.633122 0.370889 0.022409 0.085342
4 0.594950 0.442115 0.033753 0.094238
4 0.794981 0.384543 0.029744 0.109395
5 0.860325 0.619190 0.009181 0.011336
5 0.283869 0.623165 0.015348 0.014855
5 0.815293 0.634091 0.010430 0.012212
7 0.921349 0.393957 0.157302 0.166730
