4 0.381060 0.500061 0.044497 0.112862
4 0.227303 0.558308 0.041487 0.125379
4 0.292999 0.347438 0.023832 0.063608
4 0.487215 0.487553 0.035379 0.087521
4 0.133879 0.453914 0.031844 0.101405
4 0.956883 0.505412 0.041755 0.114435
4 0.276860 0.451572 0.032103 0.092242
4 0.762891 0.359730 0.022508 0.075130
4 0.719453 0.432092 0.030664 0.096108
5 0.166071 0.096629 0.008529 0.013979
5 0.559267 0.090479 0.009690 0.014394
5 0.422197 0.091514 0.008896 0.014340
5 0.376236 0.091283 0.008353 0.012039
5 0.531816 0.090937 0.010061 0.014519
5 0.396488 0.091182 0.007977 0.011615
6 0.776049 0.311052 0.012612 0.061673
5 0.185330 0.096576 0.006621 0.010867
5 0.145152 0.096859 0.008739 0.014099
5 0.901886 0.079565 0.011520 0.017105
5 0.867352 0.080804 0.009402 0.016021
4 0.661747 0.312526 0.019127 0.078575
5 0.353396 0.093041 0.007914 0.013545
5 0.504335 0.091117 0.009226 0.014992
5 0.832735 0.081726 0.011300 0.019375
5 0.326435 0.093140 0.008142 0.012616
5 0.422685 0.092030 0.010922 0.017258
5 0.971764 0.077195 0.009250 0.014440
5 0.302430 0.093642 0.007769 0.012546
5 0.615255 0.088814 0.009259 0.014058
5 0.585860 0.089701 0.009167 0.013661
5 0.672331 0.087618 0.010422 0.017881