4 0.364260 0.632736 0.051228 0.199018
2 0.409943 0.358283 0.067788 0.077772
6 0.945968 0.407431 0.035569 0.120406
4 0.487228 0.407183 0.028646 0.113046
4 0.544371 0.379307 0.024821 0.108225
4 0.528104 0.407438 0.028666 0.110646
4 0.582865 0.377135 0.023892 0.114320
4 0.606225 0.414570 0.026363 0.115461
4 0.470853 0.458280 0.037066 0.119959
3 0.412897 0.355101 0.024546 0.089353
4 0.461525 0.394948 0.030372 0.102840
4 0.771624 0.461190 0.028430 0.157128
4 0.269482 0.460857 0.029777 0.157426
5 0.316317 0.521051 0.009355 0.015178
5 0.521986 0.660743 0.008652 0.014625
6 0.282587 0.407478 0.032469 0.133674
5 0.572360 0.022745 0.009616 0.016575
5 0.619799 0.726232 0.010308 0.015226