4 0.243670 0.509499 0.041471 0.166561
4 0.327701 0.332242 0.031850 0.095192
4 0.727480 0.396869 0.037595 0.127183
4 0.431676 0.346104 0.024552 0.102337
4 0.645109 0.360771 0.028548 0.102555
4 0.257299 0.320937 0.022959 0.102852
4 0.228455 0.327430 0.025429 0.093164
4 0.284107 0.331537 0.037576 0.057005
4 0.215602 0.308587 0.020483 0.084232
5 0.321416 0.569435 0.009905 0.015163
4 0.191277 0.321128 0.046625 0.075155
5 0.221730 0.178669 0.008501 0.011254
4 0.178719 0.322096 0.069259 0.073915
5 0.115748 0.215281 0.005793 0.008873