6 0.534167 0.784240 0.071403 0.194644
4 0.820798 0.732852 0.048010 0.208263
4 0.246382 0.470366 0.028905 0.101214
4 0.389044 0.480513 0.033971 0.095751
4 0.781893 0.448399 0.023900 0.102554
4 0.093580 0.498194 0.025759 0.094712
6 0.716487 0.377824 0.018767 0.070844
4 0.493317 0.395658 0.018994 0.069218
4 0.553586 0.401299 0.029702 0.074898
4 0.822075 0.446612 0.028565 0.110592
2 0.876520 0.440572 0.069843 0.095878
5 0.300931 0.114144 0.011381 0.016801
5 0.260121 0.114692 0.009769 0.015578
5 0.773677 0.627908 0.008632 0.009997
5 0.378425 0.117609 0.010354 0.016965
4 0.297482 0.417375 0.018213 0.080940
5 0.034836 0.108548 0.009807 0.016347
5 0.652023 0.126319 0.009771 0.014912
5 0.626160 0.124647 0.010315 0.015793
5 0.340200 0.116763 0.012085 0.018758
5 0.413787 0.118880 0.011586 0.017944
5 0.599108 0.124932 0.009031 0.014529
5 0.677832 0.126806 0.011520 0.017787
5 0.081610 0.109261 0.011480 0.016488
5 0.701324 0.128234 0.010732 0.016691
5 0.128105 0.111664 0.010584 0.015675
5 0.848652 0.132775 0.010190 0.014390
5 0.571740 0.123724 0.010710 0.016487
5 0.869409 0.132463 0.008806 0.015427
5 0.848144 0.134081 0.010987 0.019191
5 0.481432 0.121873 0.010730 0.015936
7 0.876520 0.440572 0.125717 0.143817
