4 0.487929 0.502007 0.046588 0.161125
6 0.155396 0.368239 0.028026 0.108604
4 0.583788 0.406063 0.029919 0.117420
4 0.821823 0.411327 0.032929 0.110852
4 0.358869 0.351624 0.022151 0.095349
4 0.662861 0.373461 0.028692 0.096940
4 0.376597 0.340951 0.017742 0.090435
2 0.321363 0.337053 0.073147 0.080422
4 0.276422 0.339629 0.021671 0.085352
4 0.310503 0.411257 0.030669 0.123233
4 0.294187 0.339188 0.020930 0.091789
5 0.523479 0.671960 0.007991 0.015047
4 0.309756 0.339690 0.020378 0.072415
4 0.317226 0.410507 0.046624 0.124115
5 0.432627 0.616005 0.008439 0.014408
5 0.359205 0.570092 0.008026 0.013682
7 0.321363 0.337053 0.131665 0.120633
