4 0.174995 0.500445 0.044281 0.129586
4 0.486064 0.500301 0.046466 0.095057
4 0.350121 0.546110 0.033989 0.128303
4 0.674280 0.402920 0.024189 0.071632
4 0.573754 0.413559 0.028185 0.088819
2 0.589263 0.387975 0.052737 0.076569
4 0.520853 0.387105 0.022729 0.074269
4 0.300690 0.418116 0.034955 0.092344
4 0.536342 0.386287 0.017763 0.073026
6 0.840951 0.422998 0.020726 0.095131
4 0.710344 0.415659 0.042503 0.087254
5 0.038082 0.764172 0.018279 0.012314
5 0.321167 0.082741 0.008630 0.014124
5 0.348511 0.084598 0.009897 0.015727
5 0.074746 0.069443 0.011037 0.017492
5 0.078507 0.615740 0.011457 0.010532
5 0.374750 0.086218 0.009726 0.015880
5 0.110992 0.726972 0.013753 0.012670
5 0.292444 0.082052 0.008607 0.015005
5 0.117564 0.071696 0.011282 0.017984
5 0.028155 0.066104 0.011811 0.018750
5 0.558142 0.097248 0.008914 0.014088
5 0.506228 0.568619 0.008779 0.012828
5 0.400081 0.087473 0.010103 0.015845
4 0.704954 0.418470 0.031411 0.085084
5 0.529698 0.526625 0.008039 0.010843
5 0.422577 0.089437 0.010045 0.014462
5 0.446964 0.091222 0.009865 0.016467
4 0.720482 0.402750 0.021770 0.066271
4 0.964344 0.806954 0.070840 0.359453
7 0.589263 0.387975 0.094927 0.114853
