6 0.325935 0.679266 0.058933 0.164162
4 0.399569 0.580094 0.054666 0.192824
4 0.101876 0.364640 0.044792 0.093363
2 0.369957 0.318913 0.068163 0.078469
4 0.258995 0.371775 0.033398 0.098479
4 0.489192 0.309729 0.027500 0.093385
4 0.161347 0.367576 0.027672 0.089862
4 0.838614 0.426782 0.039968 0.120354
6 0.562942 0.286153 0.017381 0.084914
4 0.412008 0.403758 0.049599 0.099982
4 0.428413 0.344558 0.031996 0.094749
4 0.443097 0.318390 0.028747 0.085584
4 0.596903 0.387406 0.027118 0.075709
3 0.376893 0.322058 0.045580 0.073371
5 0.229467 0.447359 0.008082 0.012404
5 0.479604 0.614311 0.009676 0.015208
7 0.369957 0.318913 0.122693 0.117703
