2 0.863613 0.409193 0.078508 0.101458
4 0.165621 0.493053 0.041285 0.150632
4 0.511655 0.393676 0.023706 0.100586
4 0.409741 0.397557 0.028132 0.096792
4 0.541258 0.429304 0.026334 0.100834
4 0.689655 0.413483 0.026987 0.108459
4 0.640683 0.394019 0.027147 0.090810
4 0.715751 0.394151 0.026793 0.140401
5 0.749447 0.626915 0.008939 0.010772
4 0.534170 0.363761 0.020934 0.068776
5 0.268957 0.624731 0.013555 0.012004
3 0.780930 0.395481 0.027301 0.105731
5 0.138250 0.026443 0.012593 0.020642
5 0.329747 0.462745 0.012921 0.021436
5 0.282542 0.030495 0.011651 0.018353
5 0.223152 0.780055 0.016531 0.011877
5 0.325645 0.032327 0.011581 0.016519
5 0.236454 0.028854 0.013278 0.021194
5 0.188804 0.027701 0.013405 0.022089
5 0.544773 0.041348 0.008900 0.014264
5 0.848003 0.647682 0.010544 0.014489
5 0.830965 0.053436 0.008748 0.014605
5 0.405680 0.035280 0.008569 0.015284
5 0.789959 0.612264 0.009466 0.010535
5 0.512263 0.040078 0.009608 0.016123
4 0.781285 0.395854 0.027629 0.106013
5 0.740562 0.472700 0.011480 0.012820
5 0.663415 0.045883 0.009114 0.013322
5 0.781805 0.577753 0.011347 0.011270