6 0.164514 0.449323 0.029521 0.123226
4 0.794826 0.419276 0.031051 0.096009
4 0.362710 0.426728 0.028097 0.098138
4 0.307825 0.438035 0.024693 0.107748
4 0.480586 0.420713 0.032343 0.095527
4 0.740126 0.428628 0.032157 0.070000
4 0.415464 0.457730 0.041217 0.098165
4 0.332243 0.416096 0.023523 0.107959
2 0.277705 0.429243 0.082369 0.093320
4 0.450200 0.390993 0.030229 0.085740
5 0.521073 0.052237 0.009534 0.016459
5 0.170295 0.614595 0.009720 0.015331
4 0.429472 0.428388 0.024395 0.085948
4 0.442259 0.415082 0.021740 0.076016
5 0.498165 0.053377 0.009751 0.016029
5 0.404326 0.764679 0.009842 0.017028
5 0.988920 0.014373 0.012041 0.020506
5 0.848818 0.025010 0.012797 0.020540
5 0.615835 0.579529 0.026643 0.014311
5 0.811724 0.026112 0.013017 0.021761
5 0.452666 0.057858 0.008415 0.013388
5 0.316504 0.708640 0.008386 0.015278
5 0.550417 0.048832 0.010405 0.016810
7 0.277705 0.429243 0.148264 0.139980
