4 0.448660 0.602861 0.061654 0.147860
4 0.171023 0.420309 0.036175 0.109100
6 0.491691 0.689680 0.085177 0.216905
4 0.223143 0.326619 0.028089 0.086294
4 0.337410 0.243865 0.031058 0.075732
4 0.392539 0.339883 0.033462 0.094064
4 0.547392 0.339957 0.046916 0.090967
3 0.233402 0.211642 0.024111 0.059245
4 0.508762 0.535036 0.053039 0.131783
4 0.944865 0.286305 0.054885 0.077085
5 0.419430 0.225917 0.011966 0.011525
6 0.466527 0.176866 0.016743 0.051086
6 0.491214 0.632728 0.083881 0.123414
4 0.647506 0.419723 0.052342 0.090317
5 0.777551 0.447345 0.010950 0.011276
5 0.310308 0.395788 0.006644 0.010374
4 0.958110 0.282983 0.081549 0.082247
2 0.231228 0.208629 0.038593 0.055336
5 0.258277 0.368801 0.007428 0.011790
7 0.231228 0.208629 0.069467 0.083004
