4 0.432920 0.477155 0.037787 0.093674
4 0.659834 0.369086 0.030141 0.073201
4 0.744410 0.428315 0.033084 0.102347
4 0.323442 0.459889 0.032751 0.095905
4 0.499475 0.351360 0.020187 0.051359
6 0.562032 0.311748 0.014065 0.058640
4 0.351826 0.439367 0.028014 0.083459
4 0.129096 0.345026 0.028076 0.048341
4 0.337337 0.360455 0.023911 0.058917
4 0.080523 0.371273 0.022734 0.067350
4 0.277346 0.311495 0.015494 0.070839
5 0.724362 0.085119 0.008919 0.016190
5 0.954221 0.081540 0.008587 0.013683
5 0.926020 0.082177 0.008609 0.013092
5 0.982439 0.081413 0.009463 0.013300
5 0.754063 0.085542 0.009529 0.016309
5 0.665581 0.086066 0.009795 0.016569
5 0.233452 0.087074 0.008198 0.014476
5 0.146598 0.088218 0.010166 0.016667
5 0.694290 0.085569 0.010642 0.017605
5 0.434317 0.088828 0.009934 0.014797
5 0.898334 0.082771 0.008408 0.014467
5 0.376359 0.089571 0.010591 0.015251
5 0.207109 0.087504 0.008610 0.015837
5 0.405628 0.089515 0.009464 0.014665
5 0.547055 0.088095 0.009354 0.015368
5 0.635579 0.085985 0.008094 0.014359
5 0.257168 0.087526 0.008939 0.016599
5 0.461251 0.089446 0.009376 0.014176
5 0.286480 0.088050 0.009599 0.015626
5 0.286075 0.088312 0.012352 0.019290
5 0.518126 0.088674 0.008883 0.015547
5 0.490946 0.088624 0.009367 0.013597