6 0.691028 0.501251 0.037661 0.142293
2 0.696833 0.355471 0.052319 0.071577
4 0.252781 0.506449 0.036944 0.122196
4 0.340998 0.503957 0.028874 0.128363
6 0.122676 0.381498 0.022631 0.079857
4 0.652496 0.406872 0.023668 0.089090
4 0.571934 0.506366 0.028541 0.136417
3 0.681987 0.353338 0.023173 0.074861
4 0.572765 0.345756 0.016818 0.070597
4 0.644017 0.366326 0.028007 0.067541
4 0.533708 0.363244 0.016875 0.078732
4 0.540865 0.334173 0.021032 0.061195
5 0.471196 0.092707 0.007683 0.012332
5 0.515479 0.095321 0.007582 0.012607
5 0.276994 0.084651 0.010859 0.017377
5 0.014883 0.806245 0.010306 0.017369
5 0.447744 0.092168 0.007220 0.012564
5 0.309325 0.086367 0.010169 0.017638
5 0.673672 0.102979 0.007817 0.012874
5 0.536684 0.095564 0.007741 0.012955
5 0.038674 0.076532 0.011862 0.018127
4 0.106628 0.796761 0.066592 0.049198
5 0.242297 0.083276 0.011410 0.018718
5 0.493853 0.093028 0.008664 0.012562
5 0.167166 0.079520 0.009234 0.014697
5 0.205921 0.081735 0.009817 0.016295
5 0.369177 0.089303 0.008904 0.012634
1 0.565493 0.483407 0.036314 0.093722
5 0.472062 0.093427 0.009249 0.014613
7 0.696833 0.355471 0.094174 0.107366
