2 0.183746 0.223025 0.083577 0.101048
4 0.209476 0.435543 0.053457 0.186293
4 0.366612 0.358735 0.043418 0.136776
4 0.689522 0.299051 0.041825 0.137651
6 0.282938 0.682713 0.056294 0.298576
4 0.817297 0.329423 0.044134 0.146712
4 0.619476 0.206260 0.033603 0.100052
4 0.390213 0.225607 0.030148 0.122480
6 0.455990 0.168131 0.023776 0.102647
4 0.370471 0.233038 0.034525 0.112670
3 0.252223 0.238625 0.047938 0.084725
5 0.073318 0.425991 0.009161 0.014439
5 0.540118 0.378887 0.019855 0.014219
7 0.183746 0.223025 0.150439 0.151572
