6 0.396256 0.748297 0.060733 0.169640
4 0.259502 0.606851 0.048697 0.173735
4 0.468932 0.434937 0.048354 0.149456
6 0.502241 0.327665 0.020455 0.084928
2 0.412139 0.364249 0.063540 0.071755
4 0.899649 0.483214 0.034549 0.137383
4 0.245936 0.431217 0.030427 0.094086
4 0.785788 0.434835 0.033732 0.125201
4 0.336280 0.427175 0.026004 0.107234
4 0.150063 0.419769 0.030162 0.109071
4 0.467215 0.350690 0.020078 0.066585
3 0.422567 0.371156 0.040911 0.058701
5 0.445951 0.603750 0.008591 0.014027
5 0.615151 0.717005 0.011148 0.016774
5 0.608851 0.034463 0.009449 0.014220
5 0.587961 0.035293 0.009453 0.013638
5 0.322243 0.520615 0.008548 0.014655
5 0.708194 0.500242 0.025612 0.014071
5 0.568405 0.037563 0.008307 0.013229
5 0.733329 0.024224 0.009746 0.015838
5 0.629320 0.033660 0.009090 0.013598
7 0.412139 0.364249 0.114372 0.107632
