4 0.251297 0.490284 0.045315 0.140373
4 0.426257 0.380881 0.038953 0.129743
4 0.785163 0.500409 0.041742 0.161837
2 0.772273 0.265868 0.055330 0.067346
4 0.697512 0.595830 0.072716 0.174185
4 0.697802 0.357781 0.032086 0.086614
6 0.808222 0.351188 0.034488 0.121072
4 0.643379 0.317371 0.021634 0.099521
4 0.501183 0.301773 0.022137 0.095891
4 0.291424 0.309665 0.029359 0.103986
4 0.720671 0.325634 0.023854 0.099514
3 0.757901 0.270113 0.025801 0.073276
4 0.179702 0.677784 0.064041 0.041211
4 0.923618 0.880846 0.152585 0.236273
5 0.095680 0.681253 0.008047 0.012379