2 0.788556 0.441485 0.071982 0.093673
6 0.812605 0.681539 0.046685 0.199713
4 0.506180 0.464931 0.029255 0.113051
4 0.453504 0.440546 0.027043 0.091047
4 0.680880 0.470302 0.025555 0.105237
4 0.430665 0.462412 0.031531 0.104542
4 0.298978 0.496921 0.029348 0.118743
4 0.628729 0.469871 0.029263 0.120504
4 0.264630 0.433778 0.020973 0.099096
3 0.731083 0.417531 0.031357 0.092770
4 0.672878 0.401953 0.023922 0.083547
4 0.581642 0.450116 0.026347 0.099004
4 0.564230 0.400172 0.019351 0.083451
6 0.585842 0.404177 0.018765 0.092060
5 0.682978 0.648160 0.009063 0.009020
5 0.217625 0.659528 0.013871 0.010490
5 0.542545 0.093975 0.009455 0.016241
5 0.513953 0.092627 0.009412 0.015241
5 0.570296 0.094581 0.009160 0.014808
5 0.622505 0.097667 0.009022 0.015713
5 0.228255 0.080836 0.010647 0.016708
5 0.596472 0.096686 0.008522 0.014435
5 0.084828 0.075721 0.011122 0.018670
5 0.753631 0.104009 0.009581 0.015492
5 0.270584 0.082775 0.010668 0.017336
5 0.483737 0.091218 0.008651 0.013634
5 0.452955 0.091030 0.008599 0.014487
5 0.349074 0.085466 0.008160 0.014453
5 0.135407 0.076815 0.011211 0.018512
5 0.729447 0.558500 0.009344 0.013022
5 0.182872 0.079229 0.011308 0.018246
5 0.173221 0.813915 0.016943 0.012229
1 0.388246 0.484949 0.089643 0.089023
5 0.774475 0.104481 0.007970 0.014284
5 0.866227 0.342608 0.007042 0.011073
5 0.667388 0.714099 0.008328 0.012684