4 0.661940 0.501091 0.050518 0.109434
4 0.361887 0.319251 0.020228 0.070752
4 0.480420 0.378188 0.030676 0.086626
4 0.384568 0.338977 0.024784 0.067021
4 0.661340 0.317968 0.023434 0.071096
4 0.761398 0.347878 0.029594 0.072375
4 0.251710 0.300335 0.019691 0.057011
4 0.539747 0.276724 0.019092 0.047375
4 0.463824 0.293106 0.019383 0.055820
6 0.813518 0.298372 0.014270 0.067172
4 0.316297 0.413199 0.026544 0.098918
5 0.828598 0.524898 0.011237 0.011988
4 0.318361 0.275465 0.015501 0.058268
6 0.858852 0.907044 0.063607 0.178734
5 0.803203 0.038114 0.008715 0.015589
5 0.834869 0.035181 0.009546 0.015049
5 0.990257 0.026008 0.011537 0.014208
5 0.709629 0.045249 0.010060 0.016871
5 0.902637 0.031434 0.010551 0.017401
5 0.767226 0.040027 0.008581 0.015317
5 0.863533 0.033548 0.010575 0.015233
5 0.242570 0.385038 0.006058 0.008821