6 0.353661 0.410732 0.030572 0.106750
4 0.704597 0.401132 0.024657 0.095057
4 0.461750 0.440589 0.027059 0.118496
4 0.409754 0.491616 0.029197 0.137376
4 0.757814 0.491617 0.033949 0.148067
6 0.874829 0.408951 0.031764 0.113662
4 0.296965 0.377795 0.020327 0.091972
4 0.523961 0.361210 0.020827 0.075717
4 0.593288 0.341843 0.018532 0.065319
4 0.436158 0.426547 0.023820 0.122518
4 0.196388 0.422704 0.030058 0.109867
4 0.429815 0.358877 0.022229 0.090570
4 0.406358 0.384168 0.020392 0.080472
5 0.806542 0.049379 0.010038 0.015169
5 0.837790 0.046496 0.010379 0.015641
5 0.508227 0.623364 0.008445 0.012285
5 0.779660 0.052768 0.010007 0.016393
5 0.721848 0.057166 0.008432 0.012550
5 0.696963 0.059996 0.007947 0.013164
5 0.868225 0.044932 0.009836 0.015180
5 0.440586 0.577383 0.008797 0.013956
5 0.585875 0.068565 0.008547 0.013823
5 0.627073 0.066145 0.007701 0.012772
5 0.604101 0.068381 0.008355 0.014594
4 0.404636 0.369058 0.047373 0.061110