6 0.114022 0.830792 0.072021 0.273738
2 0.934629 0.425413 0.081982 0.110239
4 0.219561 0.492279 0.035735 0.138908
6 0.596275 0.389702 0.023842 0.096464
4 0.523991 0.439184 0.026969 0.107440
4 0.564167 0.411109 0.021717 0.097750
4 0.721535 0.434562 0.028859 0.115389
4 0.663340 0.392175 0.025069 0.089309
4 0.766330 0.416315 0.028169 0.135378
4 0.516451 0.410757 0.029469 0.090451
5 0.814411 0.647496 0.009513 0.010535
4 0.098473 0.424775 0.020636 0.103717
3 0.847268 0.413496 0.028911 0.105903
5 0.390986 0.047920 0.010533 0.017114
5 0.209334 0.041828 0.011195 0.018850
5 0.609293 0.054730 0.009067 0.014817
5 0.901922 0.065189 0.008950 0.014473
5 0.805395 0.490950 0.011207 0.012113
5 0.304643 0.045186 0.012677 0.020095
5 0.257922 0.044089 0.011705 0.017727
5 0.916580 0.671490 0.011128 0.014063
5 0.349165 0.046983 0.011240 0.018074
1 0.499793 0.461591 0.078654 0.095591
5 0.053849 0.039002 0.013435 0.021630
5 0.332111 0.632277 0.013094 0.011422
5 0.469785 0.050598 0.009464 0.016849
5 0.846594 0.597910 0.010401 0.012138
5 0.925119 0.065374 0.009399 0.013939
5 0.577137 0.053817 0.008837 0.015750
5 0.391039 0.472372 0.011175 0.015542
5 0.641203 0.055042 0.009249 0.014624