4 0.406823 0.293592 0.055538 0.102126
4 0.211257 0.543727 0.096587 0.170198
4 0.326491 0.442559 0.064121 0.129726
4 0.817939 0.342846 0.036547 0.105891
4 0.637875 0.338781 0.044677 0.098150
4 0.223192 0.329659 0.034028 0.111554
4 0.342152 0.313448 0.073858 0.085937
4 0.642589 0.284884 0.043536 0.106354
2 0.972830 0.319625 0.053730 0.131164
4 0.048706 0.930512 0.096992 0.111591
6 0.898088 0.279148 0.029289 0.111610
5 0.851368 0.572013 0.012159 0.013230
5 0.306048 0.556921 0.016126 0.017382
4 0.911981 0.310089 0.032141 0.118984
5 0.900523 0.557298 0.012141 0.010293
5 0.889888 0.517101 0.012718 0.016669
5 0.181973 0.870428 0.010457 0.016463
3 0.911873 0.310831 0.032377 0.120334
4 0.332070 0.301763 0.093880 0.101921