4 0.245715 0.419573 0.025794 0.083959
4 0.537750 0.407360 0.025352 0.065556
4 0.877237 0.515428 0.031800 0.124076
4 0.496030 0.445264 0.025834 0.069940
4 0.215731 0.361924 0.016047 0.049504
4 0.819248 0.448369 0.022945 0.078107
4 0.752048 0.436527 0.026377 0.084235
4 0.428134 0.371433 0.015706 0.082417
4 0.918323 0.432250 0.014808 0.047705
4 0.467234 0.390921 0.022679 0.050875
4 0.458769 0.390918 0.037704 0.053403
4 0.674054 0.407687 0.014564 0.052000
4 0.451576 0.386694 0.049977 0.060842
4 0.995654 0.432636 0.008691 0.071944