4 0.490015 0.456117 0.041773 0.145319
6 0.357505 0.686804 0.060233 0.208061
4 0.291377 0.342687 0.030559 0.109289
4 0.608811 0.373659 0.029658 0.122775
4 0.662019 0.407238 0.039361 0.137773
4 0.958211 0.385915 0.032010 0.133304
4 0.492986 0.310571 0.025381 0.089411
4 0.197219 0.351278 0.038613 0.098430
4 0.688580 0.517281 0.042883 0.207039
4 0.455360 0.312860 0.047640 0.077326
2 0.460247 0.277601 0.066457 0.078915
4 0.537333 0.251339 0.022156 0.100145
4 0.409105 0.328716 0.032606 0.057887
4 0.266124 0.295220 0.064027 0.070636
4 0.442626 0.297239 0.030501 0.081553
7 0.460247 0.277601 0.119623 0.118372
