4 0.739041 0.608220 0.041199 0.144653
4 0.748287 0.456768 0.018300 0.078511
4 0.705610 0.451935 0.018953 0.070965
4 0.626600 0.424912 0.016014 0.060998
4 0.163815 0.489218 0.020891 0.066265
4 0.539362 0.414227 0.017221 0.055183
4 0.571627 0.435911 0.020049 0.067902
4 0.387427 0.457444 0.018901 0.069978
4 0.444275 0.419980 0.016814 0.062834
6 0.673641 0.718344 0.045861 0.141796
3 0.799581 0.433532 0.018615 0.061287
4 0.356081 0.448082 0.017281 0.063811
5 0.482266 0.437663 0.006071 0.009659
4 0.799599 0.433409 0.018697 0.060262