4 0.674839 0.584460 0.056043 0.196795
4 0.947737 0.353359 0.035620 0.111076
4 0.264269 0.255269 0.023868 0.076780
4 0.433480 0.229655 0.022546 0.059999
4 0.582748 0.247633 0.020457 0.063941
4 0.366884 0.202634 0.022450 0.050485
4 0.222788 0.234035 0.022891 0.063989
4 0.271918 0.210801 0.022340 0.065890
5 0.474454 0.928157 0.016526 0.026541
6 0.912388 0.888050 0.079442 0.203312
4 0.189705 0.213527 0.015962 0.069432
4 0.597506 0.198088 0.014756 0.070958
4 0.263709 0.211158 0.042749 0.068222
4 0.597731 0.205852 0.013131 0.053575