4 0.165601 0.408466 0.026566 0.081034
4 0.312115 0.454601 0.027418 0.090461
4 0.602572 0.523447 0.030236 0.111189
4 0.443601 0.406426 0.019990 0.063816
4 0.279144 0.387720 0.019461 0.051279
4 0.372071 0.431667 0.025396 0.089661
4 0.508976 0.405080 0.025063 0.064360
4 0.131463 0.382666 0.031623 0.071964
4 0.495518 0.389634 0.017140 0.070687
6 0.103489 0.627938 0.044648 0.158521
4 0.606946 0.409544 0.018905 0.053250
4 0.504838 0.402249 0.032626 0.067258
1 0.207773 0.375172 0.111371 0.014377
1 0.225121 0.375833 0.073617 0.013334