4 0.762834 0.397749 0.039004 0.149724
4 0.454300 0.482078 0.038417 0.166718
4 0.448367 0.329593 0.030157 0.112851
4 0.285309 0.385285 0.033616 0.132579
6 0.577555 0.579721 0.048995 0.240722
4 0.589591 0.299110 0.026258 0.088270
4 0.396874 0.318674 0.022678 0.109433
4 0.359481 0.290641 0.021450 0.089191
4 0.247606 0.285567 0.069821 0.091825
4 0.270243 0.293371 0.025602 0.102144
4 0.371120 0.267215 0.016880 0.088076
4 0.281357 0.272632 0.016070 0.077839
4 0.406064 0.284266 0.020351 0.079092
2 0.370771 0.263803 0.024904 0.085910
4 0.930875 0.323154 0.023261 0.096410
7 0.370771 0.263803 0.044827 0.128865
