6 0.332733 0.898732 0.091057 0.199828
4 0.348944 0.356131 0.027191 0.092456
4 0.165715 0.396110 0.037326 0.098105
4 0.642208 0.413866 0.043378 0.100429
4 0.794465 0.361086 0.028949 0.099977
4 0.681553 0.341466 0.024848 0.088386
4 0.603137 0.397383 0.034405 0.110007
4 0.734884 0.350067 0.034135 0.084654
4 0.426225 0.427147 0.037358 0.126937
4 0.767849 0.363432 0.022914 0.098518
4 0.640510 0.361044 0.029442 0.087072
4 0.633314 0.277155 0.020890 0.084194
4 0.596889 0.334403 0.027222 0.082845
2 0.837067 0.358925 0.072553 0.077339
7 0.837067 0.358925 0.130595 0.116009
