4 0.141126 0.582234 0.061359 0.207140
4 0.630625 0.503755 0.047114 0.132707
4 0.030111 0.405478 0.027537 0.098631
4 0.745945 0.396852 0.046716 0.112119
4 0.398683 0.353466 0.035150 0.109543
3 0.874799 0.387175 0.042482 0.106169
4 0.556966 0.345082 0.027287 0.099285
4 0.774188 0.392203 0.038446 0.107336
4 0.502416 0.348958 0.023087 0.126640
4 0.640001 0.356408 0.047127 0.093249
4 0.630989 0.350452 0.063755 0.097570
4 0.722427 0.336195 0.047128 0.092498
2 0.919893 0.399220 0.092905 0.103915
7 0.916385 0.399220 0.167229 0.155872
