6 0.423829 0.890119 0.083889 0.215819
4 0.475625 0.505459 0.048998 0.134521
4 0.681174 0.385212 0.035571 0.098765
4 0.471408 0.352587 0.031078 0.065316
4 0.245012 0.346641 0.027583 0.080998
3 0.726041 0.362386 0.025882 0.086666
4 0.429073 0.322482 0.027976 0.098336
4 0.440913 0.358259 0.028406 0.076960
4 0.383012 0.328297 0.018383 0.065661
4 0.774287 0.385152 0.036094 0.088301
4 0.047656 0.400553 0.024438 0.046562
2 0.781105 0.373260 0.050358 0.077563
5 0.657760 0.571969 0.007130 0.009606
5 0.755422 0.531528 0.007250 0.011657
7 0.781105 0.373260 0.090644 0.116344
