4 0.178564 0.408616 0.022638 0.079996
4 0.395246 0.444360 0.023913 0.092367
4 0.205043 0.384825 0.016573 0.075549
4 0.326281 0.381076 0.017299 0.060091
4 0.230018 0.381979 0.019880 0.072829
4 0.062869 0.374565 0.020630 0.073891
4 0.087927 0.380976 0.018575 0.077251
4 0.611315 0.406267 0.018781 0.065826
4 0.290519 0.351121 0.015944 0.064578
4 0.413478 0.357545 0.018385 0.061761
4 0.421055 0.387103 0.017608 0.072135
4 0.419061 0.378298 0.020809 0.088088
4 0.234200 0.360318 0.016495 0.033763
4 0.238592 0.347545 0.013533 0.044236