4 0.548153 0.581641 0.057676 0.173573
4 0.692029 0.409514 0.033083 0.111528
4 0.564117 0.413923 0.033487 0.100046
6 0.266821 0.368168 0.018927 0.090544
4 0.850746 0.397067 0.024479 0.095148
4 0.146558 0.425040 0.028980 0.095498
4 0.384388 0.411799 0.026231 0.089882
4 0.371067 0.370228 0.023055 0.093517
4 0.331062 0.415553 0.026436 0.087708
4 0.985297 0.391403 0.029025 0.102249
2 0.965435 0.391047 0.069130 0.095590
5 0.101874 0.465822 0.009245 0.015782
3 0.956957 0.388209 0.037485 0.093437
4 0.267709 0.369013 0.020729 0.087376