4 0.388850 0.459578 0.043621 0.118680
4 0.520089 0.367510 0.032143 0.095765
4 0.492505 0.447137 0.024918 0.110852
4 0.571524 0.360140 0.031189 0.074418
4 0.350045 0.368706 0.022435 0.096976
4 0.888869 0.394266 0.024562 0.094615
4 0.737475 0.369644 0.024662 0.074185
2 0.532806 0.320239 0.055181 0.071722
3 0.486340 0.351782 0.026500 0.068295
6 0.471281 0.698434 0.054272 0.169957
4 0.381700 0.360947 0.040516 0.112583
4 0.516131 0.339209 0.031961 0.082644
4 0.375846 0.366656 0.027473 0.102086
4 0.708366 0.320879 0.015865 0.074355
5 0.607631 0.372327 0.006746 0.011849
7 0.532806 0.320239 0.099326 0.107583
