4 0.802458 0.584668 0.044809 0.145634
4 0.449942 0.515696 0.052031 0.101736
4 0.386741 0.425848 0.025143 0.069110
4 0.559346 0.412008 0.019168 0.074174
4 0.212156 0.387446 0.025915 0.070967
4 0.488775 0.389898 0.029311 0.061819
4 0.200990 0.430781 0.025838 0.082658
4 0.789542 0.437503 0.045779 0.060883
4 0.827617 0.417951 0.016422 0.060814
4 0.357334 0.370045 0.020559 0.086549
2 0.573297 0.390733 0.037356 0.040206
3 0.047127 0.376748 0.022556 0.076488
4 0.718653 0.390063 0.021008 0.081747
4 0.047399 0.376897 0.021552 0.078958
3 0.718437 0.389925 0.019777 0.079178
7 0.573297 0.390733 0.067241 0.060309
