4 0.397008 0.518924 0.038260 0.161999
4 0.369240 0.304673 0.021104 0.095744
4 0.411096 0.404647 0.035157 0.129473
4 0.854910 0.393357 0.030794 0.120765
4 0.193565 0.316817 0.023480 0.089870
4 0.630964 0.339997 0.023589 0.093524
4 0.274472 0.404845 0.033102 0.130795
4 0.392702 0.318482 0.023307 0.086245
4 0.236707 0.497438 0.049255 0.167685
4 0.280113 0.319988 0.047434 0.069135
2 0.386663 0.281445 0.048890 0.087387
2 0.386862 0.267263 0.047959 0.058894
6 0.085446 0.354110 0.037150 0.122029
7 0.386663 0.281445 0.088002 0.131081
