4 0.464052 0.466107 0.039297 0.149978
6 0.233000 0.548921 0.040865 0.209532
4 0.373960 0.458754 0.030205 0.146301
4 0.406024 0.464761 0.041883 0.163862
4 0.634511 0.414539 0.037490 0.130102
4 0.978120 0.415394 0.038537 0.120718
4 0.383813 0.362520 0.028816 0.084125
4 0.618790 0.359936 0.028955 0.116231
4 0.403095 0.372104 0.024540 0.084341
4 0.264560 0.373439 0.021806 0.094225
4 0.266485 0.366442 0.027679 0.088429
4 0.403604 0.409554 0.025288 0.162047
3 0.254339 0.349275 0.055600 0.102271
7 0.393527 0.336422 0.059433 0.162697
