4 0.277877 0.436702 0.028723 0.086115
4 0.357928 0.439647 0.026952 0.094562
4 0.453360 0.432663 0.023982 0.056378
2 0.311891 0.198204 0.614232 0.396408
4 0.600238 0.439299 0.023981 0.066333
3 0.179948 0.205059 0.071923 0.075431
4 0.667478 0.474939 0.035648 0.115192
4 0.764329 0.439371 0.020556 0.077310
4 0.516104 0.417670 0.019830 0.052074
4 0.410343 0.426970 0.026811 0.059244
5 0.301443 0.696888 0.011455 0.013986
5 0.172134 0.588673 0.009573 0.016309
5 0.493948 0.445714 0.006257 0.010582
5 0.287473 0.587886 0.009029 0.014030
3 0.238426 0.430234 0.031010 0.077183
3 0.410483 0.426451 0.026986 0.058128
5 0.349925 0.709782 0.009319 0.014833
7 0.500000 0.297306 1.000000 0.594612
