4 0.618689 0.417031 0.022556 0.065950
4 0.682584 0.425693 0.023234 0.069707
2 0.686112 0.195408 0.627776 0.390815
4 0.217031 0.494697 0.041377 0.126794
4 0.451334 0.429170 0.020443 0.071348
4 0.478084 0.423790 0.022839 0.061284
4 0.589554 0.419070 0.017347 0.050463
4 0.047031 0.585161 0.068725 0.249637
4 0.106342 0.319509 0.211631 0.218916
3 0.047457 0.585101 0.068569 0.246963
4 0.733863 0.426775 0.033617 0.077645
4 0.236548 0.456825 0.022468 0.094889
4 0.428152 0.414638 0.016092 0.047614
7 0.500000 0.293111 1.000000 0.586223
