4 0.406382 0.417025 0.031470 0.085830
4 0.201284 0.406090 0.038191 0.079024
4 0.238825 0.394873 0.029867 0.096587
4 0.712829 0.439850 0.037927 0.132425
4 0.339510 0.446884 0.039158 0.113802
3 0.128466 0.393883 0.038955 0.073130
4 0.314652 0.538048 0.065141 0.112045
2 0.126054 0.386451 0.060569 0.068974
3 0.121398 0.154526 0.075173 0.080084
4 0.313419 0.508951 0.067483 0.172633
4 0.372238 0.428929 0.024296 0.114001
2 0.288497 0.175668 0.567787 0.351337
4 0.277065 0.398700 0.030617 0.097805
4 0.266337 0.371219 0.015558 0.054900
4 0.941535 0.740617 0.115779 0.505986
5 0.252856 0.655878 0.012049 0.013762
4 0.622269 0.421767 0.029384 0.087057
5 0.585380 0.924465 0.011862 0.020866
5 0.117540 0.547793 0.009251 0.016598
5 0.303701 0.666918 0.008826 0.013781
7 0.126054 0.386451 0.109024 0.103461
