4 0.930278 0.467278 0.067413 0.169176
4 0.112954 0.433970 0.045624 0.098048
4 0.198823 0.464867 0.049501 0.115543
4 0.794142 0.419630 0.032131 0.078500
4 0.374762 0.405924 0.031779 0.081770
3 0.100718 0.395000 0.025517 0.081899
2 0.060782 0.280733 0.121564 0.317253
5 0.860858 0.542157 0.008523 0.010756
2 0.333820 0.181936 0.667639 0.363425
5 0.175855 0.679244 0.009829 0.012312
5 0.228875 0.687608 0.009120 0.016462
3 0.047865 0.062903 0.094702 0.124651
5 0.027707 0.574476 0.012266 0.023370
5 0.570438 0.632339 0.008687 0.013377
7 0.109408 0.280733 0.218815 0.475880
