4 0.846112 0.436510 0.052732 0.099830
4 0.716009 0.389657 0.029666 0.095926
4 0.602549 0.386001 0.024405 0.075163
4 0.420265 0.396800 0.031047 0.100515
6 0.696361 0.364781 0.018471 0.067469
4 0.541254 0.380241 0.029499 0.068273
4 0.833682 0.409298 0.033532 0.082987
5 0.599105 0.583104 0.009898 0.017569
4 0.742664 0.389865 0.029107 0.089474
2 0.919293 0.395678 0.157012 0.108117
4 0.314897 0.398207 0.029999 0.100942
5 0.426440 0.642298 0.009603 0.012699
6 0.512867 0.577254 0.087494 0.346003
3 0.513321 0.577442 0.086890 0.341339
7 0.858689 0.395678 0.282622 0.162176
