6 0.454601 0.622084 0.053588 0.230119
4 0.419324 0.396238 0.041148 0.104828
4 0.272720 0.338587 0.030388 0.080922
4 0.334688 0.445939 0.049986 0.139173
4 0.030559 0.393219 0.039692 0.099521
4 0.576935 0.368855 0.030540 0.093933
4 0.359396 0.360313 0.027475 0.083673
2 0.641123 0.350747 0.057264 0.092938
4 0.550526 0.415602 0.037419 0.078542
4 0.377712 0.338182 0.021356 0.094267
4 0.635494 0.362192 0.029615 0.082316
4 0.541816 0.351174 0.027688 0.076219
5 0.708852 0.493208 0.007941 0.010294
4 0.317473 0.355456 0.034560 0.092171
7 0.641123 0.350747 0.103075 0.139407
