4 0.512053 0.310046 0.052002 0.143532
4 0.423088 0.341013 0.048666 0.134857
4 0.286874 0.208719 0.028376 0.077130
4 0.348083 0.225085 0.030058 0.098181
4 0.359419 0.245527 0.045852 0.088493
4 0.496597 0.261675 0.027801 0.067441
4 0.433767 0.279697 0.029545 0.108237
4 0.255320 0.234336 0.031442 0.092830
5 0.578735 0.395848 0.009061 0.013122
6 0.847936 0.362640 0.037376 0.133388
5 0.749534 0.873094 0.014396 0.017437
5 0.382735 0.508403 0.009157 0.013537
2 0.652236 0.265831 0.076958 0.100231
7 0.652236 0.265831 0.138524 0.150346
