4 0.453058 0.622663 0.083748 0.170804
4 0.574901 0.716023 0.105027 0.212481
4 0.673836 0.449441 0.049955 0.136359
4 0.293719 0.560911 0.054559 0.168134
6 0.150022 0.539260 0.060054 0.213771
4 0.506572 0.489805 0.061833 0.153917
4 0.883293 0.524327 0.050189 0.210697
4 0.818208 0.873176 0.086399 0.243919
2 0.390882 0.399936 0.096567 0.122578
4 0.092468 0.667747 0.058949 0.193372
4 0.520177 0.442948 0.042718 0.146548
3 0.409512 0.443877 0.059912 0.109456
5 0.746015 0.725923 0.014110 0.015710
5 0.365014 0.570046 0.011004 0.019093