4 0.134737 0.598162 0.053654 0.198789
4 0.051643 0.477601 0.063840 0.123543
4 0.366980 0.573880 0.054768 0.164051
4 0.536312 0.484115 0.041631 0.109401
4 0.406847 0.426679 0.032514 0.097060
4 0.464484 0.453348 0.037328 0.117767
6 0.775568 0.474551 0.031015 0.142714
2 0.473923 0.412575 0.046782 0.081706
4 0.594176 0.491449 0.057077 0.104633
4 0.448287 0.431072 0.027148 0.098148
4 0.541145 0.406011 0.033916 0.086164
5 0.799826 0.075285 0.016263 0.015337
5 0.260433 0.666627 0.009529 0.015469
5 0.447638 0.576251 0.007801 0.012189
7 0.473923 0.412575 0.084208 0.122559
