2 0.113978 0.434058 0.102207 0.132205
3 0.213595 0.419696 0.043895 0.128790
4 0.551991 0.443437 0.041548 0.136408
4 0.318560 0.431632 0.039589 0.124983
4 0.397414 0.476952 0.047629 0.145722
4 0.499037 0.400711 0.047566 0.099299
4 0.385768 0.432642 0.038681 0.123437
4 0.587114 0.393890 0.033606 0.130125
6 0.980059 0.856035 0.039521 0.282816
4 0.892499 0.429391 0.034068 0.129867
4 0.546165 0.373741 0.037812 0.124805
5 0.493397 0.721317 0.011237 0.013679
4 0.920366 0.364218 0.041475 0.122135
4 0.485007 0.383443 0.080204 0.132083
1 0.672760 0.462184 0.105879 0.107105