2 0.034158 0.423528 0.068315 0.126480
4 0.903548 0.577665 0.050910 0.164586
4 0.474802 0.544113 0.058418 0.172174
4 0.651015 0.491257 0.048674 0.139459
4 0.229524 0.423982 0.047551 0.157830
4 0.364991 0.396419 0.038211 0.105547
4 0.707562 0.398926 0.024153 0.106536
3 0.095110 0.406460 0.033633 0.128034
4 0.336202 0.356834 0.030260 0.091076
4 0.671907 0.448004 0.031068 0.096981
5 0.398535 0.752131 0.010423 0.014029
5 0.300517 0.486392 0.009303 0.016688
1 0.157753 0.710017 0.315333 0.326084
5 0.575666 0.613677 0.008892 0.013850