4 0.616093 0.328424 0.050127 0.117588
2 0.372504 0.306799 0.096170 0.120721
4 0.925338 0.584058 0.059780 0.237905
6 0.082651 0.357055 0.039954 0.183055
4 0.659460 0.285678 0.036316 0.104701
4 0.696705 0.368380 0.041089 0.115763
4 0.920241 0.300402 0.033667 0.113986
4 0.421108 0.331639 0.036186 0.113428
4 0.458697 0.327929 0.040076 0.113117
4 0.440544 0.341127 0.076523 0.106681
5 0.462304 0.530916 0.018325 0.026015
5 0.556937 0.401104 0.011584 0.014695
4 0.934066 0.299005 0.019284 0.109730
5 0.410626 0.507217 0.011497 0.020074
7 0.372504 0.306799 0.173106 0.181082
