2 0.113914 0.432035 0.101907 0.133787
4 0.526315 0.438054 0.042490 0.144056
4 0.325613 0.428246 0.040038 0.123517
4 0.496694 0.397124 0.040772 0.093474
4 0.843297 0.366893 0.028825 0.110636
3 0.215900 0.415377 0.045585 0.134245
4 0.578682 0.390581 0.032618 0.118713
4 0.390490 0.433643 0.039855 0.112807
4 0.393184 0.481648 0.036349 0.132038
6 0.979416 0.851711 0.040463 0.283441
4 0.545499 0.372532 0.030503 0.127259
5 0.493334 0.720664 0.011557 0.013207
4 0.922228 0.422209 0.031382 0.142902
4 0.593709 0.356964 0.026025 0.082615
4 0.399601 0.434466 0.061471 0.113386