6 0.200991 0.538228 0.054814 0.198325
4 0.396680 0.492380 0.049854 0.134672
4 0.107322 0.451296 0.046707 0.137175
4 0.829570 0.860078 0.074799 0.273289
4 0.493861 0.389770 0.030076 0.079554
2 0.414989 0.399908 0.067975 0.097736
4 0.845229 0.468389 0.036638 0.123765
4 0.289355 0.376646 0.040647 0.092033
4 0.317816 0.397086 0.036228 0.093004
3 0.417582 0.401671 0.050067 0.092960
5 0.703063 0.707347 0.014608 0.016734
4 0.335011 0.380414 0.028915 0.081682
5 0.440808 0.567029 0.012062 0.020630
4 0.995444 0.510617 0.009112 0.105482
7 0.414989 0.399908 0.122355 0.146604
