4 0.134705 0.192392 0.044728 0.186393
2 0.038277 0.170190 0.076137 0.149430
4 0.704378 0.196290 0.043289 0.149051
4 0.512722 0.305489 0.049910 0.217327
4 0.382882 0.199429 0.038216 0.158347
4 0.449133 0.204251 0.034995 0.187677
6 0.024432 0.355267 0.048636 0.283060
4 0.526447 0.184875 0.042059 0.140643
4 0.320665 0.115796 0.027779 0.123456
4 0.424358 0.177652 0.032875 0.169473
3 0.038410 0.152661 0.039806 0.187195
2 0.679196 0.650859 0.641607 0.651158
2 0.686338 0.519071 0.627324 0.800164
7 0.068523 0.170190 0.137047 0.224145
