4 0.902736 0.577147 0.070412 0.213744
2 0.126689 0.327869 0.132445 0.124161
4 0.252487 0.320163 0.036704 0.145684
4 0.076339 0.364269 0.041261 0.155478
4 0.567980 0.357118 0.042100 0.119433
4 0.784450 0.526332 0.058413 0.193180
4 0.252390 0.395001 0.035789 0.194900
4 0.328068 0.404740 0.041471 0.143470
3 0.168970 0.313166 0.035184 0.146743
6 0.477423 0.375579 0.036835 0.171798
4 0.714728 0.422225 0.054070 0.165371
4 0.727995 0.432287 0.032582 0.168893
4 0.812052 0.464999 0.054214 0.189744
5 0.396648 0.365629 0.007643 0.013223
5 0.514777 0.686556 0.015178 0.014942
5 0.238216 0.572463 0.018208 0.027054
4 0.338229 0.379392 0.047408 0.152130
4 0.799649 0.466197 0.081439 0.192027
5 0.827072 0.811626 0.012838 0.019452