2 0.344891 0.297256 0.096955 0.119348
4 0.569923 0.318814 0.042924 0.132126
4 0.438566 0.425011 0.044287 0.149790
4 0.499075 0.305722 0.030427 0.153100
4 0.814705 0.274106 0.032780 0.109944
4 0.969795 0.305078 0.047092 0.088212
4 0.913936 0.307516 0.044356 0.076469
4 0.604682 0.272204 0.026193 0.089089
3 0.433922 0.296354 0.044420 0.124858
5 0.516994 0.564296 0.014110 0.015385
5 0.699609 0.643845 0.012852 0.015053
5 0.386388 0.499534 0.011188 0.016781
4 0.991904 0.298735 0.016193 0.107503
5 0.438850 0.525606 0.015188 0.022635
5 0.519275 0.564682 0.019436 0.017369