4 0.869510 0.435733 0.039460 0.160389
4 0.618427 0.515888 0.042814 0.181097
4 0.666201 0.341294 0.036888 0.116404
4 0.148232 0.377967 0.031562 0.120020
4 0.298377 0.362966 0.041671 0.110361
4 0.835275 0.323403 0.042335 0.078128
6 0.340491 0.309216 0.024727 0.126006
1 0.074282 0.666467 0.147854 0.269176
1 0.074880 0.751056 0.149436 0.444187
5 0.718072 0.475430 0.008857 0.012751
4 0.644663 0.256835 0.022644 0.075131
4 0.810903 0.341111 0.071229 0.114989
5 0.902747 0.500115 0.013572 0.020068
5 0.816102 0.434350 0.009420 0.011338
4 0.797541 0.340383 0.042499 0.115746