4 0.123677 0.532983 0.045454 0.151476
6 0.758782 0.834445 0.095307 0.279159
4 0.723361 0.437009 0.043801 0.108027
4 0.493923 0.403880 0.040020 0.101694
4 0.813651 0.640214 0.041524 0.224139
4 0.329064 0.420429 0.031129 0.114527
4 0.434893 0.411405 0.028317 0.109784
4 0.290953 0.356543 0.021757 0.090625
4 0.172815 0.395086 0.030445 0.099641
2 0.239747 0.373474 0.070747 0.084048
4 0.499044 0.335509 0.030355 0.077053
4 0.266681 0.377462 0.031584 0.104486
4 0.426964 0.364316 0.026913 0.079297
5 0.497022 0.608897 0.010276 0.013149
5 0.711949 0.684000 0.012236 0.018470
7 0.239747 0.373474 0.127345 0.126072
