4 0.718696 0.768478 0.076615 0.298254
4 0.072628 0.416369 0.069352 0.153905
2 0.444294 0.356342 0.099873 0.117841
4 0.741935 0.394331 0.045996 0.153342
4 0.843086 0.632335 0.059841 0.201587
4 0.328414 0.337066 0.043023 0.129088
4 0.362457 0.323857 0.031539 0.090075
4 0.506536 0.374524 0.031194 0.124649
4 0.296568 0.341404 0.043158 0.107669
4 0.665789 0.294754 0.039576 0.105358
3 0.461976 0.368526 0.055174 0.097945
1 0.704447 0.432928 0.095306 0.124217
5 0.446920 0.431050 0.010675 0.015534
7 0.444294 0.356342 0.179771 0.176762
