6 0.378281 0.681997 0.069545 0.168005
2 0.556483 0.374998 0.098904 0.120396
4 0.214580 0.487482 0.074855 0.138715
6 0.883740 0.868407 0.109071 0.262676
4 0.696195 0.437504 0.042182 0.135808
4 0.438751 0.662287 0.068255 0.229953
4 0.206934 0.417955 0.063377 0.161880
4 0.118113 0.457762 0.054219 0.172594
3 0.566220 0.396217 0.058798 0.112149
4 0.232382 0.565150 0.088188 0.196339
5 0.921464 0.764092 0.015508 0.017157
1 0.816056 0.448002 0.105130 0.107752
5 0.647028 0.604894 0.013077 0.020457
1 0.330114 0.618033 0.659337 0.763934
5 0.595924 0.578121 0.009832 0.016269
7 0.556483 0.374998 0.178027 0.180594
