2 0.115234 0.429045 0.103272 0.131491
3 0.216936 0.413354 0.039453 0.129164
4 0.546021 0.369129 0.036197 0.128858
4 0.392756 0.477325 0.044312 0.146716
4 0.878498 0.425096 0.033767 0.148717
1 0.379857 0.455089 0.091498 0.130416
4 0.495022 0.387784 0.036422 0.104740
4 0.391117 0.437164 0.047722 0.114069
4 0.513684 0.435164 0.048864 0.127368
4 0.597606 0.390804 0.033428 0.111469
4 0.300548 0.417735 0.030072 0.146958
6 0.979706 0.851705 0.040411 0.277272
4 0.587808 0.351266 0.026384 0.080431
5 0.493650 0.716100 0.010998 0.014074
4 0.683977 0.355561 0.028178 0.093994