4 0.537976 0.790819 0.079270 0.235513
2 0.477859 0.350598 0.094357 0.117368
6 0.403543 0.489339 0.050496 0.209875
4 0.565502 0.429638 0.045343 0.133122
4 0.865191 0.582914 0.062973 0.187668
4 0.626063 0.423664 0.040393 0.155514
4 0.678950 0.466584 0.057710 0.149881
4 0.182608 0.586020 0.051873 0.119535
4 0.486212 0.525589 0.063167 0.137435
4 0.647164 0.413200 0.038718 0.149558
4 0.470582 0.524064 0.093964 0.137091
3 0.485502 0.375291 0.055846 0.103560
4 0.485700 0.375166 0.055455 0.105045
4 0.138279 0.495615 0.068860 0.099030