4 0.525320 0.513232 0.051313 0.131650
4 0.277807 0.618083 0.048970 0.146723
4 0.959333 0.681717 0.063689 0.181928
2 0.420013 0.385828 0.071694 0.089711
4 0.632727 0.452024 0.031234 0.099752
4 0.200771 0.406488 0.048335 0.108321
4 0.487372 0.418891 0.050233 0.098588
4 0.269130 0.466812 0.044760 0.113520
4 0.770315 0.454904 0.033349 0.117080
6 0.174108 0.368742 0.027048 0.122160
5 0.304600 0.539358 0.010398 0.014068
3 0.429690 0.385675 0.032143 0.090215
5 0.678838 0.656778 0.010054 0.011396
2 0.462558 0.157639 0.736279 0.315279
3 0.418859 0.384519 0.073267 0.087479
5 0.327023 0.672656 0.010458 0.013802
7 0.420013 0.385828 0.129049 0.134567
