4 0.349235 0.715380 0.044703 0.168715
4 0.262380 0.700458 0.060092 0.158475
4 0.471122 0.648052 0.045230 0.116052
4 0.070000 0.728841 0.055910 0.153233
4 0.345519 0.556330 0.032164 0.084947
4 0.564054 0.538454 0.026024 0.103126
4 0.432864 0.618574 0.037906 0.096443
4 0.381742 0.525036 0.023167 0.077750
6 0.756860 0.513317 0.023347 0.092014
5 0.409295 0.672991 0.009435 0.016705
2 0.505396 0.477814 0.051724 0.073653
4 0.503611 0.478980 0.024213 0.076692
5 0.880819 0.089384 0.023125 0.030673
5 0.984731 0.251341 0.015381 0.020511
3 0.503649 0.477585 0.024310 0.076198
5 0.893639 0.195389 0.015726 0.017855
5 0.877741 0.324257 0.010833 0.017128
5 0.852291 0.169210 0.010333 0.015537
7 0.505396 0.477814 0.093103 0.110479
