4 0.452978 0.695823 0.044767 0.185713
4 0.907228 0.658908 0.057653 0.158523
4 0.289495 0.674494 0.061481 0.174218
4 0.417847 0.568590 0.044134 0.141565
4 0.513204 0.504427 0.032849 0.098076
4 0.820925 0.901459 0.084863 0.193882
2 0.396115 0.458266 0.070498 0.084143
4 0.574464 0.517803 0.027021 0.113885
4 0.328781 0.748991 0.066043 0.121169
5 0.732336 0.137558 0.017591 0.023581
4 0.400591 0.466213 0.041691 0.083976
3 0.401713 0.464239 0.041219 0.081315
4 0.140192 0.505317 0.042547 0.094822
1 0.355015 0.218961 0.707301 0.437922
4 0.134696 0.577084 0.053017 0.149613
5 0.731536 0.139415 0.021797 0.026988
7 0.396115 0.458266 0.126896 0.126215
