4 0.952395 0.508086 0.049576 0.122773
6 0.654819 0.833848 0.072708 0.204510
4 0.598898 0.422315 0.037386 0.110483
4 0.694396 0.349769 0.029691 0.081141
4 0.740889 0.386352 0.039394 0.093992
4 0.891933 0.420680 0.031085 0.064160
4 0.779845 0.363796 0.029038 0.099817
4 0.419036 0.406181 0.041912 0.124955
4 0.818363 0.400697 0.036670 0.084622
4 0.582374 0.368584 0.029418 0.097140
6 0.431712 0.326808 0.019541 0.099902
1 0.107741 0.778413 0.213988 0.443173
4 0.431589 0.326282 0.019194 0.104140
4 0.897362 0.397282 0.034192 0.077958
1 0.109011 0.673914 0.215527 0.238302
5 0.888584 0.521218 0.008077 0.012204
7 0.828941 0.381294 0.127285 0.166406
