2 0.480235 0.351179 0.093169 0.119059
4 0.555940 0.418468 0.042005 0.132795
4 0.534917 0.791091 0.081384 0.241787
4 0.889275 0.569352 0.051876 0.189082
4 0.694722 0.468234 0.059446 0.149569
4 0.222927 0.568293 0.058749 0.166868
4 0.627650 0.431637 0.046771 0.146684
6 0.404382 0.487135 0.046143 0.220153
4 0.487978 0.520396 0.057605 0.162223
4 0.663070 0.410721 0.036861 0.147261
3 0.487385 0.357250 0.054877 0.113690
4 0.440396 0.471701 0.035121 0.149953
4 0.140062 0.529811 0.070875 0.187235
5 0.211025 0.385100 0.011331 0.016611
5 0.432058 0.527266 0.008615 0.016268