2 0.236884 0.392724 0.104003 0.127929
4 0.955172 0.573144 0.057296 0.183964
3 0.351643 0.396472 0.050992 0.114038
4 0.405506 0.415019 0.042730 0.148423
4 0.767881 0.395291 0.041570 0.094661
4 0.719863 0.425710 0.042828 0.092207
4 0.686303 0.382843 0.037274 0.129375
4 0.624341 0.515209 0.052785 0.133043
4 0.655760 0.446304 0.046317 0.130097
6 0.647386 0.838884 0.088370 0.308763
4 0.622159 0.434482 0.057533 0.115680
5 0.935895 0.478525 0.008675 0.014756
5 0.413055 0.674655 0.013886 0.016307
4 0.652643 0.837148 0.079798 0.299569
5 0.277149 0.608470 0.011251 0.017589