4 0.227463 0.499482 0.047733 0.125931
4 0.390601 0.584713 0.050152 0.163294
4 0.553466 0.416507 0.028951 0.098309
4 0.627954 0.457294 0.028908 0.103728
2 0.365561 0.387321 0.077106 0.088329
4 0.283979 0.464461 0.037784 0.121473
6 0.135564 0.383515 0.029832 0.124093
4 0.286437 0.637597 0.061462 0.164251
4 0.436194 0.405854 0.024115 0.096503
4 0.418609 0.428597 0.029097 0.101381
4 0.376603 0.416782 0.044898 0.087936
1 0.546525 0.437937 0.057624 0.088951
5 0.625529 0.654797 0.010609 0.012888
7 0.365561 0.387321 0.138791 0.132494
