2 0.422001 0.344863 0.091551 0.114095
4 0.435329 0.498643 0.065639 0.201570
4 0.156320 0.643601 0.060832 0.193481
4 0.571813 0.373901 0.053882 0.121859
4 0.926120 0.491957 0.069958 0.189794
4 0.457920 0.773536 0.092285 0.276079
4 0.633843 0.423427 0.045964 0.139437
4 0.107522 0.508503 0.051106 0.167887
6 0.351713 0.496977 0.054073 0.208888
4 0.550994 0.420193 0.048945 0.108845
4 0.708547 0.327873 0.039167 0.126718
3 0.430794 0.369262 0.055883 0.105571
5 0.775105 0.645955 0.009984 0.013350
3 0.351181 0.496266 0.058068 0.209332
1 0.958998 0.458093 0.082003 0.124380
4 0.430716 0.364019 0.057806 0.112234
5 0.578822 0.443053 0.007301 0.012117