2 0.115397 0.428900 0.102188 0.132085
4 0.374118 0.482812 0.050279 0.145446
4 0.498928 0.393021 0.045775 0.092026
4 0.662619 0.384096 0.041479 0.120494
4 0.863708 0.434828 0.031612 0.152541
4 0.544485 0.371917 0.032878 0.126878
4 0.589425 0.406879 0.042280 0.125473
6 0.979866 0.852367 0.039497 0.276932
4 0.591653 0.353676 0.031470 0.077647
4 0.296746 0.418240 0.030556 0.142478
1 0.367389 0.446623 0.066632 0.107294
4 0.376296 0.432776 0.053701 0.106463
3 0.214985 0.410592 0.033118 0.137887
5 0.494376 0.715708 0.011619 0.014193
4 0.214777 0.410525 0.033069 0.137904
4 0.643711 0.350451 0.023775 0.100811
1 0.702889 0.449928 0.046705 0.083233