4 0.809889 0.544804 0.042432 0.142715
2 0.259629 0.544894 0.096856 0.128913
4 0.972021 0.555673 0.038061 0.155895
4 0.480581 0.478916 0.026900 0.120528
4 0.729509 0.545877 0.033900 0.124785
3 0.335664 0.529363 0.034412 0.126703
4 0.683055 0.480943 0.032210 0.124140
4 0.638643 0.634521 0.052504 0.151319
4 0.921891 0.550094 0.037868 0.145733
1 0.828618 0.573513 0.083753 0.106615
4 0.600469 0.501178 0.037390 0.119975
4 0.758786 0.505153 0.023122 0.105812
2 0.284506 0.301869 0.551133 0.603738
4 0.603193 0.493664 0.049771 0.131848
5 0.580623 0.591681 0.008571 0.011939