2 0.114076 0.424212 0.102061 0.131024
4 0.304568 0.481887 0.057959 0.141192
4 0.413269 0.446009 0.042404 0.155809
4 0.260161 0.428161 0.034642 0.139817
4 0.888241 0.417207 0.033740 0.127419
4 0.488474 0.434542 0.046033 0.113440
3 0.203394 0.412071 0.043750 0.128697
4 0.524517 0.352250 0.034468 0.102327
4 0.476143 0.380690 0.046680 0.131725
6 0.980274 0.827985 0.039358 0.328763
4 0.543903 0.355790 0.028867 0.108400
4 0.567265 0.366086 0.023732 0.117286
6 0.983162 0.764787 0.033488 0.199825
5 0.494118 0.712460 0.011518 0.014004
1 0.660458 0.455623 0.132128 0.106744
1 0.380356 0.457532 0.093440 0.117833
4 0.498736 0.384814 0.047526 0.117169
4 0.507034 0.384279 0.030414 0.114811