4 0.108138 0.435149 0.052779 0.146017
4 0.705962 0.464501 0.056348 0.155119
4 0.421009 0.621788 0.073368 0.205191
4 0.589079 0.534894 0.069644 0.141851
4 0.439440 0.332519 0.033397 0.101369
4 0.571704 0.378990 0.037151 0.112361
4 0.050470 0.277133 0.025812 0.096149
4 0.848163 0.410618 0.045088 0.110985
4 0.656890 0.545745 0.056981 0.116529
2 0.571775 0.284170 0.074836 0.096159
6 0.711747 0.309527 0.029013 0.129182
4 0.571977 0.280626 0.034528 0.102823
5 0.765707 0.467893 0.013239 0.016905
5 0.445946 0.472121 0.008077 0.011625
5 0.404533 0.486703 0.008601 0.013435
5 0.353057 0.510304 0.008960 0.014640
7 0.571775 0.284170 0.134705 0.144238
