6 0.574485 0.474765 0.062022 0.192258
4 0.101048 0.364036 0.045793 0.149033
4 0.366755 0.364980 0.037015 0.161520
4 0.309821 0.327182 0.039151 0.177773
4 0.458143 0.283749 0.039536 0.106326
4 0.132339 0.293357 0.037144 0.119714
4 0.386562 0.265641 0.022389 0.114325
4 0.356417 0.237309 0.031160 0.116599
4 0.545367 0.322720 0.033737 0.107588
6 0.355689 0.239311 0.030522 0.124468
5 0.609718 0.834751 0.014436 0.018359
3 0.439044 0.245735 0.031534 0.100009
4 0.557255 0.289828 0.034980 0.089810
2 0.459411 0.249426 0.078441 0.097203
4 0.440091 0.245651 0.031390 0.095879
4 0.961864 0.672316 0.075974 0.644910
5 0.332695 0.441817 0.010383 0.013956
7 0.459411 0.249426 0.141194 0.145805
