2 0.114151 0.427646 0.102337 0.131608
4 0.376539 0.491970 0.049691 0.126026
4 0.299100 0.423098 0.040300 0.131553
4 0.501543 0.392238 0.045418 0.097103
4 0.866644 0.436061 0.033512 0.147459
4 0.611064 0.405792 0.050012 0.135786
4 0.586675 0.355663 0.034879 0.091535
4 0.671105 0.345827 0.027691 0.110784
4 0.544792 0.369846 0.033458 0.128246
6 0.979655 0.850606 0.039946 0.279908
1 0.368961 0.451098 0.067206 0.108496
4 0.385608 0.434023 0.038478 0.109175
5 0.494307 0.714684 0.010672 0.013286
3 0.218138 0.410718 0.038188 0.132660
5 0.307267 0.666568 0.014595 0.017833
4 0.218225 0.410860 0.038144 0.131382
6 0.544777 0.370819 0.033177 0.127072