6 0.751451 0.681379 0.061799 0.165556
4 0.745377 0.474620 0.044959 0.141026
4 0.399357 0.374365 0.039816 0.130348
4 0.612905 0.359339 0.029511 0.096739
1 0.046715 0.653015 0.093003 0.257833
4 0.588309 0.297534 0.025973 0.093189
3 0.689987 0.334179 0.037691 0.094305
4 0.791202 0.387146 0.031596 0.093409
0 0.046647 0.655118 0.092576 0.262044
4 0.763498 0.383943 0.038642 0.097607
2 0.708729 0.334623 0.055709 0.088393
4 0.689772 0.333507 0.036904 0.094878
5 0.482732 0.580806 0.007926 0.011625
7 0.708729 0.334623 0.100276 0.132589
