4 0.602974 0.536280 0.056024 0.142626
4 0.805707 0.479709 0.048427 0.139200
4 0.193525 0.535470 0.049161 0.169403
4 0.555812 0.548944 0.054094 0.122296
4 0.439949 0.398977 0.032285 0.089846
4 0.482311 0.467347 0.044985 0.098332
4 0.684307 0.416059 0.034841 0.089164
4 0.199771 0.411574 0.036176 0.090708
4 0.487228 0.398130 0.032330 0.079917
4 0.549257 0.459894 0.046056 0.091971
4 0.520895 0.449381 0.032508 0.135305
4 0.372140 0.324026 0.026228 0.070427
4 0.406533 0.313235 0.015789 0.068257
4 0.379549 0.323904 0.042376 0.071891