2 0.274715 0.448874 0.123732 0.140516
4 0.609612 0.545998 0.050109 0.211236
4 0.365577 0.516334 0.044718 0.184733
4 0.678645 0.500737 0.048481 0.200433
4 0.464432 0.659131 0.043608 0.194180
4 0.419449 0.464866 0.039351 0.169216
4 0.758026 0.657042 0.059440 0.218313
3 0.295434 0.437785 0.051473 0.165266
4 0.446712 0.547533 0.058565 0.148698
4 0.736039 0.778277 0.085859 0.154690
4 0.442275 0.522462 0.050699 0.184432
4 0.735829 0.847630 0.094569 0.302059
5 0.326277 0.696650 0.011094 0.017422
1 0.578966 0.507080 0.090212 0.156690