2 0.114069 0.424152 0.102046 0.133094
4 0.532460 0.431925 0.046613 0.139354
4 0.295148 0.425537 0.040964 0.124910
3 0.222250 0.416506 0.052654 0.115591
4 0.378651 0.489089 0.050681 0.121341
4 0.496604 0.388936 0.040060 0.092766
4 0.869287 0.436243 0.033557 0.141395
4 0.585120 0.390255 0.038777 0.116900
4 0.659131 0.358002 0.033540 0.096507
6 0.979671 0.848986 0.039889 0.283604
4 0.383532 0.433402 0.050851 0.100014
4 0.545621 0.365359 0.031338 0.124069
1 0.369315 0.446116 0.069727 0.111831
4 0.591914 0.347152 0.027479 0.082727
5 0.493635 0.712707 0.010141 0.014516
5 0.476299 0.442336 0.006897 0.010955