4 0.657946 0.524636 0.038241 0.149584
2 0.200393 0.364516 0.074780 0.101979
4 0.464213 0.648634 0.056288 0.220778
4 0.561773 0.384887 0.028361 0.080949
4 0.410173 0.359480 0.031904 0.095593
4 0.351951 0.364789 0.032001 0.097475
4 0.315605 0.334156 0.019462 0.060298
4 0.275141 0.418051 0.045399 0.113739
4 0.918118 0.382684 0.031352 0.083238
4 0.279412 0.383918 0.036810 0.092139
4 0.607572 0.324244 0.022531 0.089613
4 0.912275 0.412579 0.026022 0.046445
6 0.607581 0.325294 0.022568 0.088039
3 0.263689 0.356782 0.025676 0.101426
1 0.617236 0.393426 0.056089 0.061837
7 0.200393 0.364516 0.134604 0.152969
