4 0.505178 0.576229 0.075558 0.216798
4 0.436351 0.366155 0.058101 0.169076
4 0.587644 0.333306 0.046676 0.130045
2 0.477547 0.241752 0.107431 0.144129
4 0.758167 0.256366 0.047464 0.145468
4 0.630998 0.308808 0.049414 0.161307
4 0.954380 0.448055 0.052789 0.191620
4 0.215745 0.408957 0.053413 0.165122
6 0.317595 0.340199 0.041541 0.200435
4 0.509732 0.304915 0.042541 0.111598
4 0.167495 0.392891 0.046914 0.179486
4 0.381929 0.371028 0.055433 0.116919
3 0.474494 0.261234 0.051386 0.109710
4 0.393658 0.371887 0.079153 0.119321
5 0.714268 0.667095 0.010899 0.014862