4 0.285348 0.534819 0.037632 0.085688
4 0.762847 0.465035 0.030051 0.054662
4 0.649356 0.493764 0.023484 0.074319
4 0.323126 0.497451 0.022695 0.071452
4 0.498994 0.471724 0.024508 0.063089
4 0.723582 0.431366 0.021227 0.050003
4 0.293517 0.452258 0.019085 0.053875
6 0.323542 0.424369 0.011445 0.048198
4 0.553810 0.431231 0.018169 0.046644
4 0.434105 0.426140 0.015652 0.048281
4 0.206447 0.450130 0.021450 0.050857
4 0.146619 0.436064 0.017152 0.059965
2 0.978862 0.461701 0.041820 0.097071
2 0.114721 0.313020 0.229181 0.241012