4 0.218492 0.547053 0.041311 0.156943
6 0.549384 0.270839 0.024759 0.060313
2 0.643827 0.298780 0.048002 0.072976
4 0.446914 0.348744 0.029691 0.071366
4 0.464946 0.308725 0.028413 0.054691
4 0.577959 0.316893 0.021901 0.079997
4 0.731527 0.331446 0.025316 0.084746
4 0.522801 0.315087 0.019828 0.071162
4 0.391753 0.307252 0.022733 0.062773
3 0.661757 0.303788 0.018473 0.069149
4 0.481625 0.414154 0.023142 0.101750
3 0.599298 0.296357 0.019703 0.060266
4 0.929547 0.562695 0.140906 0.863458
7 0.643827 0.298780 0.086404 0.109464
