4 0.730710 0.500704 0.047046 0.135408
4 0.472432 0.522940 0.046116 0.143812
4 0.624250 0.471245 0.036420 0.135603
4 0.211232 0.404108 0.039470 0.119822
4 0.467448 0.665539 0.056046 0.140221
4 0.438772 0.353943 0.033584 0.095703
4 0.787022 0.298898 0.024289 0.087202
4 0.673277 0.342851 0.030286 0.072724
5 0.397849 0.743619 0.015687 0.019198
3 0.897105 0.297398 0.065524 0.073480
3 0.885689 0.300848 0.042150 0.071326
2 0.104928 0.291352 0.209417 0.582705
5 0.436627 0.648763 0.013226 0.019258
6 0.797511 0.666594 0.054826 0.321514