4 0.213991 0.528340 0.042066 0.151747
4 0.171296 0.407325 0.035565 0.102228
4 0.370987 0.378706 0.026550 0.099147
4 0.613901 0.367818 0.025634 0.096524
4 0.513670 0.404287 0.041576 0.099192
4 0.278543 0.430026 0.030314 0.106477
4 0.307350 0.328570 0.024898 0.085573
4 0.537404 0.382320 0.027674 0.083701
4 0.602075 0.287006 0.021299 0.075739
6 0.428745 0.250895 0.013311 0.055635
2 0.795149 0.280227 0.409702 0.556024
2 0.253770 0.126906 0.390290 0.251187
2 0.504762 0.347880 0.166476 0.156349
4 0.994900 0.399688 0.010201 0.122465