2 0.958444 0.244237 0.082674 0.138498
4 0.017066 0.430769 0.034132 0.174589
4 0.438820 0.411688 0.045061 0.179430
4 0.769853 0.464093 0.061778 0.224449
4 0.855648 0.397946 0.045710 0.192813
4 0.100834 0.409728 0.040723 0.172476
4 0.654955 0.240517 0.036274 0.137527
4 0.705867 0.566624 0.062825 0.269168
3 0.937792 0.234894 0.033378 0.134537
4 0.281826 0.249641 0.028971 0.118469
6 0.540193 0.266061 0.033698 0.142467
2 0.225997 0.115340 0.447372 0.230681
2 0.225950 0.164613 0.449968 0.329227
5 0.404585 0.761602 0.012353 0.020174