4 0.315637 0.434739 0.041006 0.160303
4 0.019894 0.473327 0.039788 0.141051
6 0.162881 0.422756 0.046017 0.171551
4 0.433716 0.549717 0.049727 0.204615
4 0.707594 0.475761 0.038572 0.170467
2 0.291199 0.317039 0.080308 0.116302
4 0.088631 0.370298 0.038271 0.125235
3 0.273846 0.318893 0.052651 0.119317
4 0.464900 0.371941 0.032955 0.136445
4 0.463158 0.316479 0.030854 0.112182
4 0.391285 0.338943 0.038618 0.138324
4 0.400221 0.357254 0.028721 0.111061
5 0.032214 0.225047 0.012064 0.017543
4 0.393219 0.352430 0.041041 0.103729