4 0.635703 0.624867 0.071837 0.246532
4 0.676287 0.366328 0.043001 0.158849
4 0.158963 0.289150 0.026815 0.100476
4 0.102858 0.327165 0.040380 0.121306
3 0.898237 0.269800 0.050680 0.110113
6 0.964766 0.314447 0.036740 0.147945
4 0.272383 0.312305 0.030804 0.130450
4 0.748725 0.266613 0.034739 0.108427
4 0.776885 0.254319 0.041156 0.131464
5 0.884192 0.430660 0.010580 0.014740
3 0.666823 0.206817 0.025673 0.081560
5 0.392074 0.778462 0.011865 0.017552
2 0.214514 0.132580 0.427980 0.264839
4 0.766656 0.195773 0.029973 0.086667