2 0.286553 0.318885 0.060837 0.081409
6 0.626083 0.717069 0.047463 0.201689
6 0.396832 0.284334 0.024286 0.086298
4 0.903662 0.479372 0.042817 0.124767
4 0.371461 0.444462 0.036775 0.098494
4 0.453960 0.349378 0.028912 0.081669
4 0.503502 0.444639 0.033767 0.087946
4 0.113179 0.360639 0.035588 0.093977
4 0.320257 0.342011 0.022094 0.088844
4 0.634649 0.340199 0.027052 0.077550
4 0.219982 0.382620 0.029161 0.102579
3 0.291196 0.326139 0.032303 0.081278
5 0.090546 0.259638 0.007855 0.011835
5 0.829476 0.520861 0.007639 0.013838
5 0.860631 0.607707 0.008130 0.013926
7 0.286553 0.318885 0.109507 0.122113
