4 0.187142 0.398009 0.051570 0.143059
2 0.040604 0.349134 0.080675 0.125005
4 0.417018 0.471776 0.058718 0.158701
4 0.878937 0.381123 0.050091 0.121630
4 0.686418 0.542272 0.066727 0.169719
3 0.104023 0.351116 0.044314 0.121806
4 0.457416 0.290768 0.033380 0.113250
4 0.549467 0.333655 0.029752 0.114406
6 0.620813 0.945463 0.076744 0.109075
4 0.520801 0.324936 0.032384 0.100761
4 0.387335 0.288339 0.033971 0.103305
4 0.666510 0.323543 0.030188 0.094000
6 0.302414 0.295912 0.048081 0.110752
5 0.328468 0.513325 0.013078 0.022332
2 0.273092 0.135903 0.540592 0.271783
4 0.302620 0.295695 0.048456 0.111623