4 0.328121 0.455474 0.043228 0.122943
4 0.798513 0.556557 0.048463 0.123594
2 0.186832 0.382827 0.069631 0.089827
4 0.534231 0.363663 0.020877 0.086978
4 0.465648 0.355076 0.031674 0.073870
4 0.296262 0.384494 0.025336 0.106368
4 0.759740 0.396701 0.022129 0.075363
3 0.254010 0.382489 0.032124 0.081751
4 0.509984 0.345185 0.022591 0.066517
3 0.701235 0.382081 0.033594 0.062593
3 0.442277 0.338281 0.020510 0.072298
4 0.701269 0.381966 0.034048 0.063729
4 0.442737 0.339041 0.020160 0.072652
2 0.729298 0.319095 0.541403 0.638190