4 0.404558 0.521894 0.065909 0.176339
4 0.214506 0.451495 0.049006 0.149654
2 0.237346 0.216570 0.067244 0.090391
4 0.834303 0.487193 0.059095 0.163971
4 0.335621 0.464349 0.052703 0.125241
4 0.564292 0.249549 0.039076 0.078987
4 0.416589 0.233441 0.036260 0.093145
4 0.500199 0.332442 0.049123 0.107853
4 0.624602 0.639797 0.065775 0.165868
3 0.245567 0.214646 0.032662 0.095900
4 0.138123 0.398774 0.034961 0.130593
6 0.609180 0.184667 0.017737 0.082696
4 0.507699 0.370058 0.043256 0.106839
5 0.479624 0.624349 0.012729 0.019585