2 0.165126 0.287559 0.111420 0.149813
6 0.056143 0.333358 0.050666 0.187879
4 0.740618 0.417918 0.059899 0.205235
4 0.768163 0.530716 0.062916 0.260769
3 0.241575 0.268273 0.039897 0.164520
4 0.409114 0.274784 0.029116 0.162869
4 0.537215 0.260990 0.034662 0.140760
4 0.736673 0.228391 0.032873 0.133168
4 0.358211 0.237452 0.045116 0.129505
4 0.370730 0.313217 0.036558 0.126197
4 0.818124 0.252943 0.032026 0.124271
4 0.427168 0.228670 0.029353 0.114853
5 0.723032 0.308323 0.011679 0.020419
5 0.444519 0.766740 0.010785 0.014929