4 0.302873 0.522719 0.043538 0.147004
2 0.740923 0.332523 0.077299 0.106978
4 0.537832 0.338554 0.035546 0.081940
4 0.589401 0.415150 0.041814 0.114867
4 0.495588 0.378748 0.031543 0.102315
4 0.353618 0.352964 0.035870 0.093160
4 0.639651 0.377427 0.032200 0.104811
4 0.016562 0.394652 0.032709 0.113529
3 0.714411 0.349835 0.053266 0.084438
4 0.311813 0.367785 0.036535 0.105785
4 0.403247 0.314002 0.029131 0.090436
4 0.320142 0.347184 0.036484 0.084635
5 0.339731 0.586238 0.008920 0.014649
5 0.236533 0.771686 0.009930 0.015433
7 0.740923 0.332523 0.139138 0.160467
