2 0.367428 0.298505 0.077511 0.110917
4 0.764609 0.379357 0.044656 0.154428
4 0.797056 0.454303 0.054619 0.210004
6 0.235689 0.321848 0.028566 0.133037
4 0.601923 0.294572 0.038467 0.103947
4 0.507406 0.300412 0.023311 0.104015
4 0.519946 0.255704 0.030049 0.092065
4 0.144912 0.305910 0.035304 0.117647
3 0.450523 0.289858 0.043102 0.094101
4 0.456238 0.323296 0.033052 0.090441
5 0.037423 0.752087 0.022818 0.027317
4 0.784123 0.256090 0.034096 0.080963
5 0.836888 0.287664 0.010984 0.015180
5 0.868321 0.018089 0.009648 0.018470
7 0.367428 0.298505 0.139520 0.166376
