2 0.226056 0.392437 0.083678 0.118847
4 0.804089 0.467126 0.048145 0.167438
4 0.960322 0.593775 0.058104 0.238129
4 0.918394 0.502895 0.048628 0.158944
4 0.923199 0.435460 0.045911 0.134125
3 0.246929 0.378556 0.033618 0.117240
5 0.927111 0.107948 0.010547 0.016507
5 0.951958 0.106841 0.011959 0.018878
5 0.977378 0.105836 0.012638 0.019257
5 0.902934 0.109319 0.011289 0.017993
5 0.833784 0.112429 0.010571 0.015426
5 0.790022 0.113753 0.010672 0.016833
5 0.879706 0.110994 0.011378 0.017976
5 0.856815 0.111926 0.011185 0.015480
5 0.728046 0.117079 0.009505 0.016275
5 0.769305 0.114409 0.010944 0.016298
5 0.748279 0.115814 0.010213 0.016513
5 0.812077 0.113133 0.010483 0.015955
5 0.012572 0.009788 0.017682 0.019575
5 0.834891 0.112043 0.010342 0.018862
5 0.994800 0.735032 0.010400 0.020925