2 0.263585 0.375333 0.080218 0.112853
4 0.906186 0.447678 0.056573 0.163462
4 0.770632 0.430339 0.040641 0.140529
4 0.594438 0.417166 0.050202 0.130314
4 0.730188 0.334353 0.044428 0.109335
4 0.654265 0.323961 0.040919 0.090691
4 0.583319 0.352084 0.042445 0.098590
4 0.614759 0.293293 0.039071 0.078197
6 0.976097 0.917946 0.046720 0.164107
4 0.445904 0.311089 0.030432 0.082911
3 0.338601 0.362629 0.036610 0.103218
4 0.386101 0.365259 0.025223 0.109614
5 0.704136 0.610822 0.017659 0.017533
6 0.976372 0.881269 0.046828 0.236333
5 0.924353 0.062104 0.010339 0.016351
5 0.876893 0.066638 0.010001 0.016149
5 0.899989 0.064658 0.010360 0.016455
5 0.832145 0.068223 0.011185 0.019482
5 0.854119 0.068049 0.010676 0.016464
5 0.973382 0.057868 0.010669 0.016675
5 0.948770 0.059087 0.011375 0.017136
5 0.810366 0.068970 0.012434 0.022040
5 0.788991 0.072028 0.010115 0.017783
5 0.768590 0.073171 0.011577 0.018870