2 0.179975 0.323748 0.083040 0.115439
6 0.493161 0.603746 0.063158 0.263037
4 0.496217 0.304561 0.030310 0.094117
4 0.460516 0.324196 0.034780 0.108331
4 0.398498 0.276607 0.033428 0.087312
4 0.533268 0.301934 0.037808 0.089456
4 0.638833 0.337451 0.037987 0.105082
4 0.368855 0.356835 0.045190 0.116708
4 0.430134 0.324356 0.038610 0.089293
4 0.784296 0.295585 0.029575 0.094462
4 0.668414 0.282548 0.032319 0.081878
6 0.549590 0.290311 0.025485 0.097481
3 0.285668 0.320691 0.045645 0.095659
4 0.643022 0.280057 0.031158 0.078497
4 0.386032 0.336628 0.034024 0.102880
4 0.285631 0.321083 0.045096 0.095638
5 0.623015 0.576132 0.017303 0.016672
5 0.731691 0.046561 0.011134 0.016893
5 0.752157 0.046706 0.010524 0.016542
5 0.690347 0.048513 0.009573 0.016066
5 0.795959 0.045888 0.009712 0.014719
5 0.990441 0.040671 0.011268 0.018922
5 0.963716 0.041575 0.009821 0.016022
5 0.841351 0.045319 0.010348 0.015217
5 0.710894 0.047752 0.009789 0.016001
5 0.599863 0.336280 0.009217 0.015779
5 0.670571 0.049660 0.010069 0.016700
5 0.937943 0.041944 0.010278 0.015955
5 0.913135 0.042761 0.010565 0.016358
5 0.888396 0.043456 0.010069 0.015720
5 0.818785 0.045645 0.009901 0.015534
5 0.864996 0.044329 0.010749 0.016608
5 0.774077 0.046428 0.008913 0.014867