2 0.178598 0.329040 0.082049 0.116969
4 0.750203 0.341333 0.034658 0.123056
6 0.633551 0.287929 0.031519 0.108899
6 0.567017 0.280368 0.021657 0.099401
4 0.523286 0.303956 0.031851 0.100867
4 0.966360 0.336516 0.029805 0.133186
4 0.986741 0.362888 0.026518 0.150936
4 0.326549 0.367359 0.042921 0.151193
4 0.232262 0.299782 0.023570 0.118090
5 0.622823 0.578747 0.017418 0.015183
4 0.281095 0.311225 0.029697 0.118677
5 0.863767 0.047120 0.011066 0.017175
5 0.888243 0.046784 0.011385 0.017583
5 0.912507 0.046723 0.010830 0.017694
5 0.937521 0.046222 0.010645 0.017254
5 0.795135 0.049806 0.010319 0.016697
5 0.751576 0.050717 0.010503 0.018437
5 0.989532 0.044064 0.011942 0.019457
5 0.710113 0.052155 0.009495 0.015898
5 0.962994 0.045358 0.010999 0.016928
5 0.840462 0.048072 0.011240 0.017638
5 0.730821 0.051463 0.011144 0.018828
5 0.689786 0.052622 0.009393 0.015840
5 0.817819 0.049686 0.010749 0.017685
4 0.331383 0.306096 0.037251 0.167862