2 0.194444 0.369761 0.082544 0.111895
4 0.791038 0.361544 0.031582 0.104268
4 0.553629 0.351569 0.024796 0.100018
4 0.471483 0.374433 0.032754 0.129041
6 0.649370 0.420610 0.048511 0.188538
4 0.512170 0.335671 0.030438 0.112526
6 0.572702 0.330213 0.021325 0.095620
4 0.409224 0.374434 0.033053 0.124271
4 0.382910 0.364075 0.029020 0.121069
5 0.897560 0.098135 0.011265 0.017854
5 0.720624 0.102009 0.009252 0.014729
5 0.438121 0.009532 0.015502 0.019063
5 0.946732 0.097916 0.011232 0.019019
5 0.921702 0.098224 0.011070 0.018462
5 0.741097 0.101714 0.009644 0.014997
4 0.392208 0.365203 0.047395 0.122636
5 0.873664 0.098935 0.011381 0.018483
5 0.972413 0.097241 0.012029 0.019730
5 0.827583 0.100679 0.010236 0.015615
4 0.655066 0.317299 0.045392 0.102950
5 0.700503 0.102712 0.009274 0.013945
5 0.783539 0.100827 0.010125 0.014870
5 0.850281 0.099253 0.011331 0.017739
4 0.286544 0.347959 0.043772 0.131146
5 0.805526 0.100864 0.010078 0.015197
5 0.762338 0.101528 0.009262 0.015261
5 0.996119 0.096777 0.007762 0.019030
3 0.286402 0.350787 0.044034 0.124126