2 0.337937 0.391582 0.077913 0.104394
6 0.233990 0.493872 0.034259 0.168196
4 0.624263 0.346071 0.023659 0.088115
4 0.801492 0.378234 0.029012 0.095861
4 0.390126 0.429801 0.031213 0.130979
4 0.837230 0.444737 0.032940 0.133010
4 0.907705 0.421233 0.039119 0.113411
3 0.345915 0.382132 0.033550 0.104353
5 0.852721 0.141461 0.011166 0.018286
4 0.513096 0.419870 0.037085 0.106269
5 0.896509 0.142922 0.010821 0.017485
5 0.925841 0.007383 0.013436 0.014765
5 0.989254 0.144998 0.012268 0.018292
5 0.874598 0.142565 0.011184 0.018075
4 0.509750 0.405574 0.039634 0.123408
5 0.941769 0.143713 0.010865 0.015740
5 0.918565 0.144129 0.011094 0.018033
5 0.832197 0.141196 0.010972 0.017904
5 0.965100 0.144474 0.011226 0.017066
1 0.353581 0.041533 0.691986 0.083065