2 0.073900 0.435484 0.088344 0.118993
6 0.434096 0.746078 0.080316 0.239762
4 0.624852 0.519644 0.045334 0.124501
4 0.277442 0.448609 0.034719 0.099130
4 0.238929 0.439457 0.037213 0.101948
4 0.670838 0.405632 0.037418 0.091415
4 0.355259 0.450842 0.035649 0.107260
4 0.451797 0.412592 0.041082 0.086728
4 0.404162 0.412981 0.034021 0.083117
5 0.843243 0.157271 0.011196 0.017426
5 0.892435 0.155524 0.011669 0.015824
5 0.795580 0.157987 0.010927 0.018076
5 0.819100 0.157399 0.011376 0.018422
5 0.917515 0.155577 0.010947 0.015549
5 0.867445 0.155793 0.011909 0.017394
3 0.185898 0.425762 0.040819 0.097298
5 0.969221 0.156726 0.011072 0.017259
5 0.943212 0.156189 0.009937 0.015860
6 0.186457 0.427523 0.040139 0.096236
4 0.555629 0.380516 0.025131 0.072752
5 0.995067 0.156333 0.009866 0.017319
5 0.772769 0.158322 0.011120 0.018112
6 0.920738 0.335040 0.026744 0.094802
5 0.750430 0.158629 0.011168 0.018475
5 0.584960 0.163703 0.009730 0.015867