2 0.216250 0.300226 0.080778 0.116678
6 0.657934 0.767492 0.070604 0.220794
4 0.739791 0.400996 0.051308 0.199349
4 0.499628 0.396412 0.040191 0.157071
4 0.590772 0.266422 0.028104 0.112154
4 0.834735 0.276714 0.031088 0.114463
6 0.414451 0.262781 0.023142 0.101903
4 0.446309 0.263761 0.023934 0.109441
4 0.538094 0.290432 0.027734 0.110662
4 0.338784 0.313188 0.027793 0.122768
4 0.304857 0.350894 0.040082 0.124481
4 0.313697 0.271017 0.033121 0.118500
4 0.294618 0.295786 0.034696 0.101876
5 0.707786 0.020182 0.008284 0.016503
5 0.660673 0.545965 0.018885 0.017760
5 0.669098 0.022844 0.009276 0.017134
6 0.993384 0.863958 0.010288 0.269898
7 0.216250 0.300226 0.145400 0.175017
