2 0.148423 0.290584 0.086134 0.113776
4 0.429622 0.332675 0.037576 0.145295
4 0.915922 0.352055 0.046475 0.124990
4 0.535454 0.329520 0.031756 0.145643
4 0.255539 0.328409 0.039431 0.129881
4 0.678620 0.294237 0.033768 0.126103
4 0.988840 0.305914 0.022320 0.104123
4 0.456212 0.304638 0.025218 0.117613
3 0.884105 0.317373 0.045424 0.120059
4 0.631333 0.327830 0.037510 0.124495
4 0.370257 0.319603 0.065905 0.134124
5 0.860464 0.035834 0.009466 0.014998
5 0.884640 0.036457 0.009912 0.015807
5 0.909163 0.036276 0.009970 0.015454
5 0.934332 0.036012 0.009269 0.014385
5 0.960523 0.036439 0.009188 0.014819
4 0.386771 0.317461 0.041106 0.134093
5 0.813781 0.035234 0.009769 0.014994
5 0.725759 0.034249 0.009948 0.014756
5 0.837037 0.035977 0.009748 0.016077
5 0.987140 0.037692 0.010473 0.017739
5 0.791081 0.035640 0.009857 0.015569
5 0.768992 0.035179 0.010251 0.015309
5 0.705242 0.035112 0.010063 0.016326
5 0.747365 0.035178 0.009182 0.014409
4 0.639299 0.311211 0.074051 0.157724
5 0.684488 0.034177 0.009647 0.015528
4 0.363416 0.309333 0.049745 0.153505
5 0.644765 0.034597 0.010196 0.015907
5 0.664484 0.034064 0.009312 0.014617