2 0.468991 0.273862 0.075962 0.109326
4 0.330830 0.287349 0.033333 0.111466
6 0.607916 0.229669 0.026017 0.089130
4 0.983983 0.312724 0.032034 0.144018
4 0.408785 0.282798 0.032703 0.117511
4 0.637122 0.282585 0.036622 0.106778
4 0.559229 0.302296 0.037750 0.107065
3 0.488010 0.293296 0.033822 0.058776
4 0.539971 0.259667 0.048589 0.111304
5 0.146429 0.699133 0.019935 0.024921
4 0.531864 0.263894 0.036499 0.103842
3 0.197446 0.078198 0.144576 0.156397
4 0.552634 0.259192 0.022491 0.115877
7 0.468991 0.273862 0.136732 0.163989
