2 0.257031 0.312695 0.081042 0.110887
6 0.690134 0.440741 0.041964 0.178454
4 0.786610 0.357200 0.034628 0.140031
6 0.633691 0.285738 0.024829 0.101182
4 0.948713 0.300075 0.027661 0.114592
4 0.854871 0.333803 0.046613 0.116580
4 0.524573 0.344351 0.032076 0.131299
3 0.346491 0.300123 0.037119 0.123606
4 0.710581 0.319256 0.031365 0.127609
4 0.760967 0.346249 0.028257 0.133674
4 0.513596 0.287328 0.030726 0.116415
4 0.696817 0.313995 0.052339 0.136440
5 0.766176 0.050814 0.010332 0.017330
4 0.687827 0.318563 0.033896 0.124919
5 0.746340 0.051585 0.010100 0.017591
5 0.829505 0.049856 0.011478 0.017703
5 0.808090 0.049686 0.010779 0.017297
5 0.851411 0.050135 0.009840 0.015469
5 0.920677 0.049421 0.011534 0.018587
5 0.944766 0.048657 0.011667 0.018181
5 0.787308 0.050413 0.010233 0.016920
5 0.874591 0.049886 0.010719 0.016591
5 0.969565 0.048821 0.011369 0.018284
5 0.897147 0.050114 0.011022 0.018470
5 0.726638 0.052753 0.009524 0.015541
5 0.994897 0.048123 0.010013 0.017641
5 0.707254 0.053009 0.009936 0.015243
4 0.845332 0.279855 0.041579 0.113280