2 0.847411 0.239884 0.077204 0.095161
4 0.221612 0.360596 0.038125 0.155841
6 0.319625 0.370168 0.033328 0.166265
4 0.640109 0.272408 0.034031 0.122791
4 0.147585 0.270451 0.025236 0.095058
4 0.397666 0.301461 0.031829 0.114384
4 0.061178 0.269908 0.042383 0.103849
3 0.835277 0.230244 0.027240 0.099131
5 0.930669 0.141245 0.009089 0.016271
5 0.107284 0.034411 0.010104 0.014927
5 0.084371 0.034566 0.009583 0.014952
1 0.089007 0.568874 0.177610 0.261768
6 0.514815 0.728919 0.086170 0.296734
4 0.004558 0.273493 0.009116 0.121521
4 0.003136 0.273323 0.006271 0.121247