6 0.635947 0.830979 0.096480 0.322337
4 0.293359 0.463007 0.037933 0.170012
4 0.605622 0.519025 0.054904 0.197272
4 0.152733 0.465273 0.040725 0.139959
4 0.472111 0.357465 0.038141 0.087504
4 0.816545 0.382264 0.034991 0.105361
4 0.206362 0.393330 0.032030 0.100657
4 0.238591 0.352498 0.031937 0.087487
4 0.148723 0.375744 0.048556 0.106922
2 0.117437 0.385942 0.084019 0.118313
5 0.971452 0.135247 0.010992 0.016657
5 0.895407 0.134989 0.011489 0.018847
5 0.920260 0.134768 0.011788 0.018106
5 0.945594 0.135178 0.010854 0.017271
5 0.870899 0.134907 0.011713 0.019038
5 0.846803 0.134505 0.012307 0.018737
5 0.733679 0.134467 0.011464 0.017737
6 0.485867 0.319382 0.017499 0.089442
5 0.671301 0.133268 0.011675 0.018010
5 0.800448 0.134680 0.012248 0.018917
5 0.777724 0.134995 0.011856 0.018626
5 0.651328 0.132994 0.011312 0.018474
5 0.755824 0.134976 0.011081 0.018046
5 0.713129 0.133988 0.012286 0.017581
5 0.996447 0.135518 0.007107 0.016254
5 0.631556 0.132706 0.012063 0.019189
5 0.823648 0.134189 0.013043 0.018777
5 0.612346 0.133829 0.011584 0.017770
5 0.696450 0.004302 0.012484 0.008604
5 0.691573 0.134023 0.011313 0.017451
5 0.734647 0.133593 0.010888 0.021866
5 0.593572 0.134030 0.011302 0.017401
5 0.569255 0.643908 0.015474 0.015939
1 0.166658 0.581504 0.333316 0.207939