2 0.233919 0.326102 0.079565 0.110111
4 0.777459 0.377286 0.041823 0.143506
6 0.454101 0.310340 0.027559 0.103016
6 0.803846 0.470521 0.043963 0.168831
4 0.935716 0.348758 0.039023 0.114903
4 0.337946 0.335588 0.025281 0.116469
5 0.853363 0.084814 0.010895 0.018367
4 0.310987 0.339466 0.023427 0.106994
5 0.899179 0.085705 0.010889 0.017739
5 0.875698 0.085418 0.010770 0.017513
5 0.947455 0.087095 0.011866 0.019119
5 0.923203 0.085923 0.012545 0.020201
5 0.831162 0.084270 0.010802 0.018335
5 0.809054 0.083675 0.011072 0.019047
5 0.972600 0.087547 0.011763 0.019499
3 0.294772 0.311536 0.024776 0.124964
5 0.788058 0.082384 0.011919 0.020021
5 0.996160 0.087576 0.007681 0.019940