6 0.487761 0.657011 0.076059 0.231677
2 0.135565 0.345466 0.083926 0.115696
4 0.573931 0.393385 0.045558 0.158518
4 0.657857 0.384020 0.051924 0.127439
4 0.673183 0.306420 0.027778 0.101868
4 0.439369 0.362891 0.030982 0.113379
4 0.526068 0.314754 0.044241 0.126405
4 0.459456 0.339084 0.031270 0.123985
4 0.597216 0.288986 0.041084 0.094875
5 0.961696 0.062681 0.010329 0.016871
5 0.935967 0.063299 0.010445 0.016240
5 0.910470 0.063740 0.010347 0.016402
5 0.987846 0.061879 0.010968 0.017429
5 0.725971 0.069889 0.011070 0.017096
6 0.213803 0.328863 0.041146 0.120989
5 0.769787 0.068543 0.010727 0.015575
5 0.814702 0.068019 0.011324 0.017509
5 0.885929 0.064357 0.011214 0.016595
3 0.214309 0.331214 0.042465 0.118850
5 0.747177 0.069808 0.010679 0.016529
5 0.791088 0.067893 0.011191 0.016539
5 0.684176 0.070269 0.011698 0.019131
5 0.861599 0.065281 0.011519 0.017944
5 0.837730 0.066504 0.011489 0.018804
5 0.664194 0.070888 0.010060 0.017005
5 0.644622 0.071386 0.011002 0.017234
5 0.704993 0.070533 0.012355 0.019530