2 0.087713 0.367359 0.088105 0.119530
6 0.468658 0.326405 0.021474 0.106799
4 0.409005 0.354719 0.029761 0.107714
4 0.269911 0.382091 0.043086 0.130704
4 0.664976 0.426271 0.051440 0.155987
4 0.494024 0.380325 0.031755 0.135948
4 0.310068 0.377223 0.029093 0.120684
4 0.632359 0.339463 0.024450 0.109008
4 0.365113 0.354072 0.033183 0.115102
3 0.182257 0.346418 0.033480 0.128097
5 0.942482 0.093493 0.011530 0.017547
5 0.968681 0.094111 0.011442 0.018318
5 0.916748 0.093660 0.011686 0.017119
5 0.891669 0.093642 0.012767 0.019000
5 0.866868 0.094500 0.011905 0.018815
5 0.727323 0.096624 0.010370 0.017169
5 0.818415 0.094245 0.012190 0.020078
5 0.771791 0.095461 0.011466 0.020053
5 0.794931 0.094719 0.011298 0.019273
5 0.841980 0.094346 0.011558 0.019359
5 0.749590 0.095739 0.011318 0.019361
5 0.705776 0.096513 0.011256 0.017794
5 0.994656 0.094243 0.010647 0.018371
5 0.541461 0.615373 0.018137 0.016736
5 0.684821 0.097405 0.010148 0.016327
5 0.663718 0.097181 0.009852 0.016048
4 0.651108 0.347082 0.022920 0.105889
5 0.643504 0.097064 0.011322 0.017755
5 0.623255 0.096849 0.009531 0.015398