2 0.176876 0.415777 0.082313 0.118266
4 0.916228 0.506798 0.054877 0.175177
4 0.412808 0.509858 0.044007 0.129967
4 0.940104 0.388090 0.028657 0.083824
4 0.459059 0.445218 0.039955 0.086015
4 0.414516 0.416065 0.041102 0.091409
4 0.656995 0.423211 0.033010 0.085153
4 0.480483 0.429116 0.034565 0.095521
3 0.237289 0.409703 0.039254 0.101915
6 0.525440 0.359717 0.020486 0.087677
4 0.909183 0.395058 0.040841 0.091729
4 0.557711 0.365882 0.021758 0.089677
5 0.923228 0.128106 0.011165 0.017723
5 0.719757 0.136915 0.011868 0.018846
5 0.782652 0.134774 0.011546 0.018000
5 0.973812 0.124973 0.011955 0.018339
5 0.898469 0.129227 0.011559 0.018733
5 0.948006 0.126410 0.010940 0.018265
5 0.679036 0.139944 0.010979 0.018334
4 0.543816 0.379568 0.032480 0.087120
5 0.874068 0.129892 0.012108 0.018469
5 0.699495 0.139280 0.011337 0.018297
5 0.659734 0.141922 0.010376 0.016705
5 0.804518 0.134978 0.011028 0.017325
5 0.761581 0.135728 0.012312 0.018701
5 0.739785 0.136318 0.011707 0.019160
4 0.988621 0.407663 0.022758 0.109973
5 0.850481 0.131740 0.012938 0.021112
5 0.827476 0.134689 0.012537 0.018947
5 0.742426 0.007326 0.012761 0.014651
5 0.640819 0.142080 0.009749 0.015070