2 0.278804 0.407845 0.079745 0.110350
4 0.970153 0.482404 0.043634 0.157149
4 0.397791 0.514399 0.040739 0.161599
3 0.344433 0.411095 0.042373 0.080009
4 0.477794 0.408962 0.041032 0.095927
6 0.625397 0.365451 0.023543 0.094131
4 0.671242 0.414381 0.040554 0.100387
4 0.839539 0.399939 0.040133 0.093919
4 0.980593 0.382429 0.038591 0.101919
4 0.930642 0.414218 0.043763 0.106888
4 0.716396 0.367207 0.046316 0.093383
4 0.439472 0.395181 0.029330 0.085128
5 0.915623 0.131340 0.010505 0.016338
5 0.078803 0.026577 0.016671 0.023257
5 0.763636 0.135934 0.011291 0.017443
5 0.939293 0.129654 0.011684 0.017448
5 0.892616 0.132105 0.011238 0.016728
5 0.783920 0.134803 0.010827 0.016765
5 0.988852 0.126173 0.012855 0.018709
5 0.963464 0.128091 0.012075 0.018866
5 0.869707 0.132842 0.011208 0.017000
5 0.825947 0.134120 0.011486 0.016530
5 0.804480 0.134967 0.011343 0.017745
5 0.784770 0.134332 0.010884 0.021395
5 0.846872 0.132839 0.011011 0.016824
5 0.743599 0.137768 0.011127 0.018113