2 0.211908 0.400111 0.080218 0.109744
4 0.815278 0.367823 0.028101 0.113365
6 0.586293 0.351333 0.021319 0.100303
4 0.950683 0.403435 0.038081 0.128283
4 0.742316 0.382038 0.030260 0.109886
4 0.367211 0.389114 0.028674 0.120644
4 0.619663 0.398934 0.030191 0.124084
4 0.991020 0.379378 0.017960 0.125965
6 0.278748 0.381760 0.035137 0.122731
5 0.865936 0.114334 0.011588 0.017566
5 0.820842 0.116577 0.009292 0.014910
5 0.777410 0.118390 0.009679 0.016429
5 0.889474 0.113112 0.011162 0.017008
5 0.988825 0.109075 0.012387 0.019649
5 0.799041 0.117345 0.009556 0.015613
5 0.843654 0.116024 0.009916 0.016289
5 0.913594 0.112603 0.011589 0.016618
5 0.938285 0.111651 0.011569 0.016056
5 0.963393 0.111260 0.012414 0.018665
5 0.735760 0.119371 0.009402 0.014880
5 0.756451 0.119252 0.010684 0.016384
5 0.715399 0.120461 0.009267 0.014290