6 0.888148 0.846753 0.102775 0.303040
2 0.219217 0.380759 0.082531 0.110126
4 0.524795 0.446082 0.049690 0.127094
4 0.506012 0.574955 0.071102 0.155144
4 0.642129 0.586657 0.060270 0.211167
4 0.301040 0.468064 0.042957 0.130125
4 0.724741 0.418551 0.042911 0.111014
4 0.378771 0.382630 0.037812 0.108092
6 0.634812 0.334160 0.022895 0.093513
4 0.586727 0.586049 0.076764 0.168761
4 0.957848 0.424662 0.047384 0.092050
4 0.521390 0.526969 0.048461 0.107972
3 0.268963 0.401866 0.041379 0.105172
5 0.852314 0.113564 0.010941 0.016687
5 0.807947 0.113391 0.010781 0.016769
5 0.830059 0.113503 0.011478 0.016766
5 0.875763 0.112672 0.011832 0.016978
5 0.898966 0.112648 0.012266 0.018038
5 0.744641 0.114075 0.010841 0.016295
5 0.947316 0.112151 0.012055 0.016566
5 0.922956 0.112235 0.011721 0.016076
5 0.972478 0.112060 0.011767 0.018384
5 0.786176 0.114344 0.010968 0.017026
5 0.765285 0.114158 0.010586 0.017218
5 0.724449 0.115475 0.010666 0.017293