2 0.178642 0.327276 0.083133 0.118930
6 0.432476 0.282222 0.023916 0.098640
4 0.348482 0.334213 0.026981 0.122077
6 0.561070 0.281078 0.030862 0.098668
4 0.502854 0.299755 0.029012 0.097751
4 0.899951 0.363004 0.039405 0.154884
4 0.681904 0.321552 0.032426 0.116524
4 0.880478 0.357412 0.035360 0.153533
4 0.258165 0.362265 0.034708 0.124214
5 0.622626 0.578717 0.017673 0.015839
4 0.274669 0.305433 0.037918 0.121652
5 0.709181 0.051062 0.009517 0.016631
5 0.863109 0.046065 0.011200 0.016944
5 0.751049 0.048963 0.011394 0.018874
5 0.794421 0.047940 0.011170 0.017392
5 0.730216 0.050406 0.011543 0.018689
5 0.689116 0.051932 0.009333 0.015373
5 0.839599 0.047132 0.010842 0.017762
5 0.887175 0.046211 0.010772 0.016874
5 0.988649 0.042094 0.011813 0.019605
5 0.816732 0.047899 0.011034 0.017785
5 0.912004 0.045411 0.010918 0.016791
5 0.772475 0.049064 0.010176 0.016308
5 0.936438 0.044414 0.011263 0.018006
5 0.961960 0.043871 0.010925 0.018361
5 0.669116 0.053138 0.010058 0.015318
4 0.665139 0.281119 0.084654 0.059276
4 0.349199 0.259625 0.026968 0.079812