2 0.150844 0.278491 0.086193 0.113970
4 0.378804 0.337212 0.035651 0.145012
4 0.495650 0.416202 0.048006 0.160750
4 0.959140 0.316558 0.044775 0.119968
4 0.768118 0.304591 0.031995 0.115708
4 0.467627 0.349492 0.046152 0.142630
4 0.703672 0.318392 0.032268 0.142626
6 0.317060 0.299893 0.049499 0.135432
4 0.546608 0.331455 0.041056 0.154581
4 0.683248 0.307625 0.063017 0.136834
4 0.666750 0.304499 0.029538 0.126572
5 0.964729 0.035299 0.009854 0.015798
5 0.709051 0.029616 0.010097 0.017593
5 0.938837 0.034902 0.010115 0.015372
5 0.688583 0.028978 0.010158 0.017018
3 0.316810 0.300229 0.050048 0.135347
5 0.729899 0.029647 0.009920 0.016734
5 0.888916 0.033899 0.010142 0.015551
5 0.913554 0.033981 0.010296 0.014868
5 0.668388 0.028415 0.011026 0.018533
5 0.648412 0.028297 0.010553 0.017830
5 0.991110 0.036523 0.010363 0.016877
5 0.751646 0.031124 0.007584 0.012300
4 0.995064 0.331562 0.009871 0.132791
5 0.864646 0.033494 0.009808 0.015559
5 0.841000 0.031851 0.009747 0.015116
5 0.629180 0.028172 0.010019 0.016754
5 0.773225 0.030462 0.008741 0.013524
5 0.818140 0.031255 0.009460 0.014788
5 0.610335 0.028303 0.009469 0.015772
5 0.795060 0.031448 0.008930 0.014065
4 0.985117 0.322393 0.029765 0.137274