6 0.933113 0.708372 0.097466 0.304088
2 0.140271 0.338146 0.084560 0.117377
4 0.950930 0.458687 0.053024 0.164984
6 0.522931 0.291781 0.025057 0.093520
4 0.329202 0.361567 0.044247 0.121497
3 0.233477 0.332078 0.043806 0.107374
4 0.965153 0.337827 0.069695 0.085209
4 0.306914 0.347271 0.033301 0.111812
4 0.382830 0.338024 0.035833 0.086665
4 0.903546 0.316809 0.030851 0.107886
4 0.398514 0.307677 0.029925 0.109089
5 0.941876 0.074672 0.011929 0.017397
4 0.707691 0.303419 0.032172 0.091924
5 0.867539 0.075241 0.010947 0.016788
5 0.891448 0.075435 0.010692 0.016456
5 0.916190 0.075222 0.010674 0.016492
5 0.843642 0.075114 0.010704 0.017159
4 0.948825 0.330548 0.034368 0.104698
5 0.993275 0.076380 0.011413 0.019533
5 0.820050 0.075827 0.009916 0.015841
5 0.967272 0.075984 0.011927 0.017440
7 0.140271 0.338146 0.152208 0.176065
