2 0.051331 0.390686 0.086220 0.118464
6 0.667463 0.723348 0.075338 0.310527
6 0.346710 0.307087 0.022970 0.086894
4 0.682105 0.359320 0.032269 0.120730
4 0.636068 0.344496 0.030284 0.117411
4 0.448248 0.323324 0.022774 0.091314
4 0.156173 0.401850 0.030580 0.123607
5 0.684282 0.093688 0.009709 0.016166
5 0.663195 0.094063 0.010763 0.017549
4 0.872296 0.322277 0.029318 0.096881
3 0.133544 0.370734 0.031129 0.116828
5 0.844217 0.081994 0.011018 0.017854
5 0.621965 0.096643 0.010078 0.017063
5 0.796449 0.085746 0.010834 0.017957
5 0.868892 0.080902 0.010410 0.017384
5 0.706230 0.091937 0.010652 0.017754
5 0.819730 0.083880 0.011045 0.018712
5 0.772941 0.086637 0.010431 0.016640
5 0.727655 0.089791 0.010768 0.015572
5 0.919089 0.079895 0.010609 0.015953
5 0.945065 0.078761 0.010834 0.016086
5 0.642180 0.095900 0.009788 0.016089
5 0.602157 0.097717 0.009744 0.015747
5 0.582349 0.098088 0.009973 0.016283
5 0.971418 0.078626 0.011625 0.016575
5 0.300098 0.010682 0.016786 0.021365
5 0.749997 0.089243 0.010788 0.017051
5 0.893840 0.079700 0.010120 0.015422
5 0.562957 0.099555 0.010127 0.015697
5 0.543950 0.101049 0.009317 0.013999
4 0.786946 0.321758 0.032917 0.088720