2 0.262169 0.354648 0.082211 0.108225
6 0.730139 0.506644 0.046277 0.163133
4 0.884621 0.427236 0.047690 0.166476
4 0.715775 0.378951 0.037062 0.159112
4 0.532454 0.373921 0.035907 0.131508
6 0.631771 0.328097 0.029221 0.102291
4 0.796696 0.384805 0.033389 0.121130
3 0.356747 0.346369 0.034874 0.108492
4 0.690066 0.345002 0.024476 0.112360
4 0.942820 0.352159 0.026063 0.116583
4 0.579218 0.331230 0.028226 0.112725
4 0.417937 0.366463 0.026997 0.125451
4 0.732661 0.323845 0.021051 0.098670
5 0.927119 0.096214 0.011500 0.018625
5 0.951138 0.095876 0.011525 0.017735
5 0.903513 0.096904 0.010866 0.017915
5 0.857914 0.096600 0.010280 0.016178
5 0.880708 0.096345 0.010936 0.017268
5 0.835684 0.096014 0.010859 0.017738
5 0.772112 0.096044 0.010053 0.016795
4 0.427542 0.320777 0.032266 0.085110
5 0.976041 0.096113 0.011742 0.017693
5 0.813932 0.095430 0.010569 0.017682
5 0.793423 0.095344 0.010670 0.017460
5 0.751839 0.096063 0.009764 0.016911