6 0.938477 0.303554 0.034132 0.117160
4 0.559346 0.338674 0.035549 0.126385
2 0.738868 0.271510 0.063769 0.088157
6 0.394378 0.327815 0.033161 0.120381
4 0.675634 0.269246 0.026526 0.096429
4 0.463250 0.283529 0.039200 0.092294
4 0.772387 0.313684 0.027446 0.111814
4 0.830561 0.293118 0.034234 0.118527
3 0.742702 0.283369 0.029532 0.074717
4 0.803601 0.288071 0.028865 0.130898
4 0.705717 0.311265 0.032995 0.123278
0 0.036424 0.589508 0.072848 0.241909
5 0.109234 0.064680 0.010530 0.017993
5 0.664579 0.076920 0.012762 0.018895
5 0.066674 0.063830 0.010178 0.018125
5 0.043935 0.064059 0.009782 0.017361
5 0.821352 0.175046 0.009637 0.018325
5 0.020590 0.064127 0.011372 0.019484
5 0.170686 0.063723 0.008522 0.015784
7 0.738868 0.271510 0.114784 0.132236
