2 0.339337 0.428618 0.078520 0.102279
4 0.684214 0.510129 0.046842 0.159121
4 0.046309 0.506453 0.055498 0.152609
4 0.768583 0.493145 0.032246 0.137131
6 0.223493 0.533300 0.032589 0.168609
4 0.738317 0.394968 0.026479 0.091261
4 0.509589 0.443034 0.031164 0.126062
4 0.831582 0.424752 0.022470 0.101225
4 0.421391 0.465304 0.035017 0.094160
3 0.344580 0.422576 0.034805 0.105459
5 0.895056 0.182198 0.010906 0.017580
5 0.917428 0.183149 0.011230 0.017964
5 0.851668 0.181276 0.010892 0.017520
5 0.940069 0.184077 0.011615 0.017025
5 0.873465 0.181914 0.010732 0.016590
5 0.150665 0.040422 0.016214 0.025840
5 0.963459 0.184214 0.011031 0.017270
5 0.987709 0.184697 0.011537 0.017764
5 0.831371 0.182083 0.010976 0.017615
5 0.011959 0.861772 0.020321 0.028610
5 0.790969 0.182578 0.010200 0.017470
5 0.810768 0.182386 0.010303 0.017068
4 0.805587 0.410176 0.065480 0.065102
5 0.753011 0.182563 0.009775 0.016451