2 0.422212 0.335219 0.077061 0.107499
4 0.783193 0.391823 0.053538 0.121733
4 0.527460 0.384033 0.039291 0.130617
4 0.980786 0.327470 0.038428 0.104997
4 0.661277 0.343305 0.026975 0.117260
6 0.691447 0.273835 0.016838 0.083194
4 0.897561 0.313301 0.033072 0.093540
4 0.711078 0.335440 0.031118 0.099775
3 0.495643 0.318540 0.035973 0.121940
5 0.113797 0.758084 0.018472 0.019922
5 0.927702 0.067565 0.010899 0.015666
5 0.906310 0.068552 0.011814 0.017642
5 0.972313 0.066308 0.010484 0.017743
5 0.885497 0.069179 0.010013 0.016160
5 0.950006 0.066747 0.011490 0.016211