2 0.089316 0.356915 0.083783 0.112585
6 0.726821 0.488445 0.041964 0.181594
4 0.904027 0.371800 0.038018 0.127064
4 0.643626 0.410450 0.034885 0.136539
4 0.378856 0.366709 0.041233 0.128007
4 0.486814 0.335637 0.028225 0.112797
4 0.557484 0.313439 0.031883 0.096912
4 0.711820 0.340239 0.029461 0.110460
4 0.616220 0.369762 0.028205 0.115269
4 0.680221 0.395203 0.033544 0.128934
3 0.153420 0.338156 0.031024 0.126136
6 0.464484 0.322693 0.020231 0.099141
4 0.274013 0.316101 0.025787 0.104314
4 0.244627 0.363472 0.030408 0.121759
5 0.941295 0.093681 0.010159 0.015849
5 0.915172 0.092908 0.011043 0.016405
5 0.890177 0.092974 0.012495 0.018814
5 0.664325 0.093732 0.010998 0.018497
5 0.727692 0.094224 0.010579 0.017754
5 0.967506 0.094479 0.010955 0.017022
5 0.644220 0.093800 0.011642 0.018438
5 0.865738 0.093469 0.011849 0.019374
5 0.993250 0.095301 0.011343 0.017652
5 0.685063 0.095142 0.010205 0.016918
5 0.706142 0.093973 0.011040 0.018882
5 0.771937 0.092636 0.011842 0.019581
5 0.794760 0.091979 0.011915 0.019060
5 0.817863 0.093092 0.012238 0.019923
5 0.624296 0.094103 0.010800 0.017490
5 0.749669 0.093431 0.011281 0.018210
5 0.604334 0.094698 0.009994 0.016613
5 0.841606 0.093142 0.010996 0.018374
5 0.585326 0.095138 0.010310 0.017529
5 0.914991 0.092771 0.012970 0.020501