2 0.174594 0.359154 0.084487 0.110419
6 0.640835 0.504865 0.050975 0.187102
4 0.335540 0.381330 0.040413 0.121114
4 0.279115 0.362827 0.025659 0.105462
4 0.390676 0.365607 0.032610 0.121220
4 0.665818 0.394991 0.040381 0.121165
4 0.540791 0.341100 0.030413 0.110586
4 0.501960 0.365922 0.025098 0.106138
4 0.579442 0.384966 0.030180 0.123503
4 0.774427 0.350778 0.036097 0.099517
4 0.303883 0.359720 0.024477 0.106237
3 0.253151 0.350028 0.041819 0.105498
4 0.642905 0.327920 0.059775 0.071128
5 0.809116 0.104983 0.009797 0.016341
5 0.977818 0.104969 0.013371 0.019762
5 0.951649 0.104178 0.012167 0.020518
5 0.423315 0.006700 0.013475 0.013401
5 0.765326 0.104706 0.009918 0.016209
5 0.682817 0.104140 0.010279 0.016738
5 0.743955 0.103916 0.010327 0.017073
5 0.926636 0.104235 0.011900 0.020062
5 0.702751 0.104158 0.009911 0.016393
5 0.831863 0.104203 0.010543 0.016792
5 0.723295 0.104058 0.010368 0.017062
5 0.663177 0.104998 0.010742 0.017706
5 0.902302 0.104168 0.012221 0.020653
5 0.878414 0.104922 0.011744 0.019993
5 0.787213 0.104675 0.010200 0.018001
5 0.854929 0.104878 0.011507 0.018837