2 0.232262 0.376742 0.081680 0.108279
6 0.583775 0.548460 0.061389 0.206987
4 0.354851 0.410086 0.033888 0.135411
4 0.397172 0.373654 0.027090 0.105286
4 0.592166 0.359065 0.039989 0.103328
4 0.532969 0.364539 0.038980 0.078339
4 0.711401 0.397983 0.040796 0.111216
4 0.847724 0.359538 0.032761 0.100991
4 0.555497 0.405553 0.043350 0.098354
4 0.450395 0.396127 0.041259 0.087783
4 0.452905 0.328595 0.025797 0.084286
3 0.316469 0.362888 0.034583 0.111739
5 0.719069 0.113138 0.011066 0.017027
5 0.738822 0.112604 0.010938 0.016495
5 0.758949 0.112573 0.011031 0.016565
5 0.801279 0.111983 0.011022 0.015989
5 0.989415 0.109693 0.013106 0.021352
5 0.845227 0.111499 0.011194 0.016468
5 0.891476 0.111044 0.011961 0.018356
5 0.868318 0.111890 0.010618 0.015926
5 0.780324 0.112359 0.012100 0.017367
5 0.938957 0.110475 0.012083 0.017932
5 0.914855 0.110606 0.011970 0.018638
5 0.823116 0.112073 0.011019 0.016049
5 0.963689 0.110416 0.012059 0.019110
4 0.713917 0.345955 0.031690 0.088487
5 0.699223 0.114451 0.010581 0.016897