4 0.853407 0.534559 0.077237 0.142076
2 0.414344 0.295660 0.079036 0.105631
4 0.854483 0.364178 0.042452 0.119633
4 0.164175 0.334440 0.045157 0.115924
4 0.329379 0.447367 0.057521 0.134037
4 0.536740 0.306073 0.037003 0.114478
3 0.424838 0.289309 0.033520 0.107329
4 0.634694 0.279291 0.036154 0.095990
4 0.323207 0.560870 0.084245 0.156854
1 0.305643 0.608704 0.611286 0.782592
5 0.755945 0.325122 0.021014 0.016816
4 0.751749 0.831029 0.109125 0.288033
6 0.634752 0.279618 0.035634 0.094984
5 0.944382 0.019952 0.009451 0.017906
5 0.085387 0.736300 0.020275 0.026370
5 0.821530 0.025804 0.010019 0.016082
5 0.922886 0.021250 0.010419 0.018143
5 0.990464 0.020343 0.012736 0.022495