6 0.470412 0.514481 0.080054 0.200657
2 0.088545 0.302834 0.085690 0.122612
4 0.684536 0.381382 0.046053 0.143438
3 0.161168 0.299155 0.036327 0.108609
4 0.456338 0.302855 0.034532 0.099358
4 0.259237 0.326214 0.035415 0.116940
4 0.359753 0.358896 0.049249 0.120331
4 0.332672 0.256890 0.028307 0.085026
4 0.690259 0.282869 0.039805 0.098283
4 0.294710 0.340280 0.039186 0.115060
6 0.472529 0.271284 0.020770 0.099919
4 0.402846 0.288886 0.027253 0.086264
4 0.416593 0.273329 0.025212 0.096172
4 0.431518 0.265476 0.036327 0.092096
5 0.892817 0.040290 0.010332 0.016477
5 0.917843 0.040438 0.010481 0.016451
5 0.665031 0.041298 0.010512 0.018028
5 0.644880 0.041262 0.010800 0.017195
5 0.624939 0.040908 0.011347 0.017723
5 0.843336 0.040946 0.010741 0.018391
5 0.796233 0.040383 0.010355 0.017967
5 0.867428 0.040744 0.010280 0.016581
5 0.819415 0.040822 0.010754 0.017493
5 0.943528 0.041511 0.010027 0.016559
5 0.969589 0.042121 0.010803 0.015711
5 0.707162 0.041230 0.010561 0.016680
5 0.686138 0.041593 0.009867 0.016531
5 0.728663 0.041886 0.010605 0.017667
5 0.604965 0.041302 0.009939 0.015420
5 0.773152 0.040815 0.010420 0.017180
5 0.750602 0.041085 0.010407 0.017241
7 0.088545 0.302834 0.154242 0.183918
