6 0.964312 0.752539 0.070544 0.333376
2 0.316202 0.304073 0.081484 0.110087
4 0.427894 0.303022 0.036758 0.147162
4 0.954071 0.393316 0.042594 0.144655
4 0.486673 0.339819 0.037446 0.120542
4 0.233593 0.295589 0.033250 0.111182
4 0.801816 0.353466 0.036957 0.124043
4 0.201923 0.316689 0.036600 0.090966
3 0.335550 0.328931 0.052558 0.083586
5 0.919902 0.062878 0.009802 0.015652
5 0.943535 0.063913 0.010543 0.017360
6 0.824273 0.279388 0.019608 0.098844
5 0.897123 0.062176 0.010353 0.018003
5 0.967057 0.064527 0.010494 0.016724
7 0.316202 0.304073 0.146671 0.165131
