4 0.640817 0.571707 0.065759 0.237591
4 0.964519 0.342269 0.066751 0.119365
4 0.369344 0.354008 0.039444 0.105441
4 0.319790 0.299346 0.035136 0.109356
4 0.752886 0.304316 0.045243 0.098095
4 0.913715 0.309279 0.033875 0.110460
4 0.350833 0.280649 0.041073 0.091541
2 0.123857 0.314201 0.093146 0.125754
3 0.166109 0.309395 0.037236 0.107169
5 0.946902 0.049358 0.010558 0.017477
5 0.921284 0.049255 0.010845 0.017909
5 0.824327 0.050429 0.011106 0.018720
5 0.800981 0.050263 0.011223 0.018626
5 0.973248 0.049968 0.010841 0.019002
5 0.848036 0.050034 0.011523 0.018979
5 0.756385 0.051950 0.010711 0.016865
5 0.871809 0.049425 0.010989 0.018567
5 0.896155 0.049985 0.010868 0.018842
5 0.778564 0.051260 0.010300 0.017485
5 0.651808 0.051348 0.009715 0.016618
4 0.600010 0.278306 0.077548 0.060691