2 0.474560 0.379351 0.075258 0.111103
4 0.608689 0.608092 0.068932 0.216390
4 0.759040 0.393525 0.042882 0.124183
4 0.876594 0.453344 0.046814 0.129792
4 0.187057 0.490143 0.048150 0.149570
4 0.576506 0.403960 0.031078 0.105351
3 0.519393 0.390728 0.048711 0.086054
4 0.379107 0.466216 0.041542 0.121686
6 0.233177 0.622728 0.054040 0.125607
5 0.927597 0.671784 0.019482 0.017268
4 0.649329 0.412729 0.034648 0.096081
5 0.152351 0.816560 0.017890 0.026010
4 0.381184 0.591138 0.042339 0.165013
5 0.676418 0.458326 0.010122 0.014130
4 0.611748 0.535697 0.052999 0.114599
5 0.991080 0.111312 0.011175 0.018358
5 0.969219 0.112364 0.011197 0.017349
7 0.474560 0.379351 0.135464 0.166654
