2 0.261970 0.376878 0.076635 0.112848
4 0.979984 0.514591 0.039796 0.200608
6 0.586042 0.295938 0.026242 0.076219
4 0.430544 0.375395 0.040725 0.106850
4 0.916973 0.315104 0.043279 0.107789
4 0.658427 0.338228 0.037345 0.093709
4 0.856934 0.347352 0.044937 0.123686
4 0.575733 0.373253 0.042011 0.098927
4 0.749503 0.392901 0.037745 0.120917
6 0.980401 0.867598 0.038488 0.261865
3 0.319826 0.375784 0.040224 0.094733
5 0.831950 0.070110 0.010592 0.016806
5 0.948788 0.061659 0.011206 0.017772
5 0.854135 0.069227 0.009570 0.014979
5 0.876807 0.067964 0.010221 0.014821
5 0.924097 0.064328 0.009917 0.015679
5 0.704014 0.611368 0.016035 0.014073
5 0.973204 0.059847 0.010484 0.016848
5 0.810307 0.072995 0.010522 0.017678
4 0.992635 0.317114 0.014729 0.126897
5 0.900022 0.067058 0.010202 0.015157
5 0.789270 0.073926 0.009375 0.016459
4 0.994786 0.318745 0.010428 0.130611
5 0.496269 0.006401 0.013722 0.012801