6 0.908798 0.669073 0.085912 0.240155
4 0.692029 0.382098 0.053096 0.103773
2 0.260527 0.354162 0.078448 0.112433
4 0.572193 0.443679 0.048829 0.144661
4 0.882054 0.502624 0.063336 0.163143
6 0.625907 0.313539 0.023450 0.088414
4 0.397534 0.388219 0.047470 0.112190
4 0.485481 0.344388 0.032364 0.106650
4 0.818353 0.354587 0.037681 0.109421
4 0.901181 0.367511 0.042821 0.095789
3 0.317488 0.355011 0.039628 0.098563
4 0.551070 0.364231 0.034586 0.097153
4 0.867959 0.392188 0.044849 0.103208
5 0.808532 0.665936 0.014773 0.024994
5 0.927038 0.097776 0.011711 0.017619
5 0.951175 0.096599 0.011634 0.017323
5 0.857873 0.098214 0.010181 0.015266
5 0.903460 0.098584 0.010443 0.016999
5 0.880810 0.098155 0.011100 0.017169
5 0.976086 0.097803 0.011325 0.016406
5 0.835729 0.097001 0.010192 0.016538
5 0.772159 0.096769 0.010062 0.016711
5 0.813882 0.097130 0.010558 0.016290
5 0.793266 0.097238 0.010523 0.016406