2 0.066664 0.340840 0.084663 0.120554
6 0.881743 0.770818 0.085148 0.364031
4 0.892568 0.306123 0.061339 0.122257
4 0.669368 0.321726 0.041331 0.117725
6 0.335372 0.256510 0.019948 0.090083
4 0.563137 0.327879 0.036584 0.085679
4 0.754515 0.344812 0.037621 0.116341
3 0.138321 0.326011 0.035342 0.112555
4 0.737193 0.286752 0.038090 0.113277
4 0.520374 0.287636 0.037740 0.090259
4 0.587394 0.287145 0.027201 0.089448
4 0.603079 0.292194 0.031035 0.099693
5 0.839293 0.025011 0.009967 0.016409
5 0.791917 0.028192 0.010628 0.017627
5 0.815454 0.027243 0.010166 0.017356
5 0.659932 0.038053 0.008761 0.014530
5 0.864227 0.023266 0.010421 0.015872
5 0.768850 0.029852 0.010852 0.017635
5 0.638697 0.039508 0.009271 0.016161
5 0.618707 0.041119 0.011400 0.018319
5 0.745937 0.031751 0.009861 0.015996
5 0.701970 0.035347 0.010096 0.016008
5 0.599258 0.041671 0.009818 0.015981
5 0.559987 0.045156 0.010402 0.015554
5 0.579399 0.042917 0.009867 0.016224
5 0.541174 0.046704 0.010105 0.016217
5 0.680676 0.037383 0.009195 0.015548
5 0.724126 0.034095 0.009285 0.015277
7 0.076197 0.340840 0.152393 0.180831
