2 0.916911 0.243531 0.077508 0.096048
4 0.482266 0.548006 0.084937 0.163607
4 0.100899 0.301287 0.049063 0.108290
4 0.356864 0.350407 0.064363 0.141420
6 0.222528 0.756754 0.081728 0.319392
4 0.396818 0.267084 0.029136 0.074925
4 0.702695 0.298333 0.040095 0.095404
4 0.857865 0.299507 0.043105 0.098223
1 0.119440 0.530263 0.233906 0.246727
0 0.119682 0.522395 0.233774 0.232096
4 0.684805 0.579739 0.084122 0.197270
3 0.910904 0.236184 0.038052 0.096529
4 0.659600 0.228227 0.029834 0.111048
5 0.251122 0.596627 0.011162 0.017481
5 0.123823 0.296496 0.010258 0.012096
6 0.909990 0.237313 0.037976 0.098738
6 0.255564 0.784180 0.096439 0.421795