2 0.257859 0.310359 0.081779 0.109482
6 0.532350 0.467277 0.049251 0.206569
4 0.728781 0.341685 0.039998 0.139153
4 0.767516 0.291676 0.034058 0.119490
4 0.588723 0.291860 0.023696 0.103027
4 0.944003 0.286274 0.024994 0.109733
4 0.677544 0.297917 0.027289 0.110101
6 0.630295 0.273139 0.020950 0.105032
4 0.559203 0.351801 0.028242 0.129945
4 0.642668 0.343846 0.028044 0.129876
4 0.530629 0.328837 0.032706 0.126229
4 0.365646 0.291678 0.061931 0.117516
4 0.381528 0.295601 0.029393 0.109934
5 0.808750 0.036981 0.009248 0.015631
5 0.852418 0.036038 0.008347 0.012909
5 0.921336 0.034620 0.009533 0.014384
5 0.787601 0.036786 0.009611 0.014901
5 0.766908 0.037697 0.009104 0.015226
5 0.898116 0.035239 0.009191 0.014122
5 0.945870 0.034137 0.009927 0.014548
5 0.746581 0.039123 0.009202 0.015780
5 0.830380 0.036418 0.008949 0.015040
5 0.875016 0.036308 0.009208 0.014344
5 0.970653 0.033589 0.010319 0.014721
3 0.349242 0.291217 0.028867 0.120297
5 0.707433 0.040978 0.010039 0.016018
5 0.726656 0.039534 0.009491 0.015579
5 0.670221 0.041660 0.008431 0.016461
5 0.995651 0.032641 0.008698 0.018009