2 0.779164 0.280143 0.072514 0.092247
4 0.488320 0.362677 0.044918 0.126213
4 0.117200 0.363825 0.041057 0.132508
0 0.053563 0.587704 0.106292 0.240376
6 0.863677 0.287649 0.020483 0.110737
4 0.506345 0.248257 0.031491 0.067237
4 0.738070 0.357689 0.037395 0.129288
4 0.671274 0.335192 0.028945 0.096545
4 0.719753 0.278228 0.029844 0.092531
4 0.662589 0.286381 0.030679 0.093871
4 0.195410 0.276244 0.033898 0.083989
4 0.314694 0.272369 0.035180 0.069390
4 0.213415 0.278017 0.064128 0.082600
5 0.706974 0.310223 0.009179 0.017974
5 0.013164 0.056065 0.011129 0.017299
4 0.042419 0.305141 0.081553 0.088321
4 0.030884 0.302509 0.059351 0.094404
5 0.037347 0.056809 0.009376 0.015733
5 0.082372 0.056787 0.009841 0.014565
7 0.779164 0.280143 0.130525 0.138371
