2 0.209093 0.390013 0.080697 0.112061
6 0.575188 0.343206 0.024843 0.095581
4 0.357362 0.379478 0.035771 0.117052
4 0.703582 0.396935 0.029047 0.119836
4 0.798695 0.371379 0.031781 0.115619
4 0.891323 0.349638 0.040250 0.113191
5 0.796101 0.106222 0.009743 0.015452
5 0.840333 0.104749 0.009892 0.015761
5 0.818116 0.105452 0.010122 0.016288
5 0.863081 0.102488 0.010430 0.015292
5 0.753454 0.108786 0.010130 0.016874
5 0.732816 0.109467 0.009615 0.015096
5 0.886837 0.101305 0.010842 0.016139
5 0.774471 0.107625 0.009770 0.017418
5 0.935323 0.098542 0.010518 0.015964
5 0.986615 0.096548 0.012650 0.020458
5 0.960753 0.098285 0.011329 0.017746
5 0.910714 0.099969 0.011564 0.016473
5 0.692894 0.112015 0.009630 0.015382
5 0.712529 0.111058 0.010149 0.015101
3 0.278698 0.375048 0.030574 0.114408
5 0.673261 0.113026 0.009550 0.014969
4 0.280048 0.375169 0.033100 0.114302
6 0.279031 0.374867 0.031952 0.114289