2 0.264268 0.376800 0.080745 0.113384
6 0.631835 0.300932 0.028923 0.083445
4 0.917074 0.365689 0.045913 0.119904
4 0.484286 0.358200 0.037651 0.103246
4 0.774411 0.358795 0.043787 0.092359
3 0.350147 0.364567 0.041557 0.102424
4 0.956213 0.304413 0.034356 0.115773
4 0.726851 0.325085 0.037576 0.090296
5 0.603735 0.391088 0.009623 0.014124
5 0.704351 0.611512 0.016544 0.014539
4 0.991575 0.307051 0.016851 0.113596
5 0.831928 0.070566 0.010839 0.017432
4 0.927048 0.332962 0.057658 0.103905
5 0.876726 0.068291 0.010152 0.015159
5 0.854066 0.069263 0.009439 0.015186
5 0.948322 0.061904 0.010492 0.016677
5 0.924065 0.064463 0.010123 0.016306
5 0.810152 0.072825 0.010297 0.017335
5 0.789287 0.074149 0.009035 0.015821
5 0.973448 0.059296 0.010835 0.017186
5 0.900147 0.067089 0.009947 0.015048
4 0.941825 0.332657 0.028411 0.104662
5 0.768555 0.076084 0.010846 0.016820
5 0.672011 0.087437 0.009743 0.017702
5 0.728059 0.081017 0.008713 0.014113