2 0.170956 0.361060 0.084346 0.109406
6 0.633720 0.505320 0.046971 0.189680
4 0.663100 0.393976 0.041851 0.112743
4 0.495672 0.386682 0.032249 0.112536
4 0.535123 0.347668 0.030746 0.100060
4 0.383095 0.368406 0.027829 0.122718
4 0.442772 0.358437 0.025006 0.106802
4 0.777008 0.358091 0.041209 0.095748
4 0.319102 0.393706 0.039495 0.115449
4 0.293264 0.349160 0.024968 0.103910
3 0.261537 0.342352 0.030120 0.121749
4 0.649061 0.332943 0.030455 0.077480
4 0.330568 0.357705 0.029045 0.107883
5 0.420163 0.007156 0.013752 0.014313
5 0.783285 0.105506 0.010122 0.017412
5 0.851022 0.105035 0.011273 0.018902
5 0.974307 0.105352 0.011427 0.018681
5 0.805677 0.105674 0.009830 0.017068
5 0.923295 0.105522 0.010777 0.018687
5 0.948556 0.105322 0.010606 0.018331
5 0.874896 0.105588 0.011538 0.019696
5 0.828427 0.105685 0.010297 0.016820
5 0.898855 0.105245 0.011589 0.019329
5 0.699740 0.105480 0.010650 0.018023
5 0.720079 0.105454 0.010199 0.017444
5 0.762073 0.105563 0.009525 0.016606