2 0.262383 0.355560 0.081609 0.107485
4 0.864718 0.431224 0.048534 0.154197
6 0.698214 0.511732 0.050512 0.176665
3 0.369087 0.352754 0.041422 0.096435
4 0.641695 0.374227 0.043149 0.098896
4 0.976499 0.357088 0.046526 0.092667
4 0.623842 0.328293 0.022857 0.102962
4 0.605284 0.346012 0.035426 0.091475
4 0.452211 0.384440 0.040455 0.129749
4 0.464050 0.327412 0.027702 0.090419
4 0.421122 0.375942 0.035145 0.099858
5 0.927007 0.096354 0.010510 0.017145
5 0.951212 0.096178 0.010957 0.017433
5 0.857800 0.096435 0.009698 0.016149
5 0.903601 0.097233 0.009941 0.016542
5 0.880622 0.096363 0.010223 0.016540
5 0.976051 0.096332 0.011390 0.017229
5 0.772101 0.095579 0.010269 0.017562
5 0.835697 0.095751 0.010308 0.017331
5 0.813996 0.095378 0.010334 0.017492
5 0.755715 0.388373 0.008408 0.013726
5 0.793169 0.095497 0.010842 0.017857
4 0.743910 0.329082 0.062115 0.083586