2 0.302676 0.381622 0.078833 0.110134
4 0.541206 0.520742 0.068048 0.133711
4 0.423807 0.380318 0.028422 0.107635
4 0.585261 0.339781 0.025817 0.076089
4 0.604000 0.395006 0.028633 0.119461
4 0.555983 0.407741 0.031429 0.112820
4 0.487143 0.357497 0.031619 0.087369
4 0.388116 0.361680 0.030002 0.105989
3 0.361537 0.376250 0.027992 0.109387
4 0.664071 0.379226 0.041990 0.098696
4 0.858929 0.395104 0.036793 0.094254
6 0.605273 0.319369 0.018296 0.063550
5 0.899130 0.132285 0.011096 0.016455
5 0.758446 0.427091 0.013706 0.022645
5 0.855378 0.132172 0.011866 0.018285
5 0.833429 0.131757 0.010747 0.017845
5 0.791816 0.132179 0.011675 0.019670
5 0.876564 0.131538 0.010644 0.017433
5 0.812534 0.131672 0.011595 0.018946
4 0.669084 0.378343 0.052256 0.115148
5 0.921838 0.133286 0.010975 0.016514
5 0.945517 0.133126 0.011347 0.017737
5 0.771637 0.133634 0.011247 0.017280
5 0.969420 0.132646 0.012354 0.019221
5 0.752491 0.133794 0.011138 0.017052
5 0.993556 0.132534 0.012273 0.021312
5 0.734188 0.132706 0.010696 0.019255