2 0.146360 0.359526 0.083876 0.113114
4 0.719785 0.433701 0.049967 0.156219
4 0.983006 0.469387 0.033988 0.157913
4 0.521673 0.388287 0.038010 0.105390
4 0.824134 0.373851 0.045474 0.093720
4 0.412847 0.354400 0.033750 0.095126
4 0.370968 0.384126 0.030717 0.118942
3 0.225268 0.355093 0.045305 0.094860
4 0.766735 0.361420 0.035032 0.089955
4 0.678519 0.346673 0.031861 0.101320
5 0.977580 0.113065 0.011694 0.016889
5 0.399252 0.007355 0.014328 0.014711
5 0.658955 0.108283 0.010297 0.017572
5 0.951804 0.112390 0.012352 0.018320
5 0.741000 0.109766 0.011283 0.017985
5 0.592998 0.621087 0.018879 0.018770
5 0.926187 0.112062 0.011761 0.017901
5 0.679329 0.108503 0.010657 0.017235
5 0.877236 0.111558 0.011898 0.018471
5 0.762705 0.110339 0.010890 0.017577
5 0.901479 0.111644 0.011849 0.018409
5 0.119689 0.007764 0.015734 0.015528
5 0.784227 0.110777 0.010632 0.016741
5 0.829790 0.110380 0.011674 0.018686
5 0.807211 0.110858 0.012090 0.018702
5 0.621227 0.108704 0.009936 0.018730
5 0.853573 0.110927 0.011159 0.017729
5 0.639518 0.108945 0.010331 0.017845
5 0.699683 0.108935 0.011397 0.018294
5 0.720289 0.108665 0.009773 0.018800
5 0.995621 0.004554 0.008758 0.009108