2 0.251771 0.330618 0.081448 0.112551
4 0.729902 0.376157 0.038774 0.148304
6 0.607042 0.291085 0.025286 0.101935
4 0.420859 0.305413 0.029903 0.117477
4 0.783632 0.321212 0.030578 0.114989
4 0.264790 0.344453 0.030416 0.117321
5 0.690249 0.584982 0.016705 0.015984
5 0.916406 0.047036 0.010628 0.015954
5 0.940632 0.046194 0.010350 0.015542
5 0.803225 0.050979 0.010449 0.017391
5 0.893222 0.048547 0.010750 0.017152
5 0.782044 0.051602 0.010523 0.017196
5 0.869747 0.048028 0.010824 0.016321
5 0.965690 0.045595 0.010331 0.015633
5 0.517852 0.871401 0.017296 0.018577
4 0.345861 0.327968 0.022056 0.107888
5 0.824995 0.049845 0.011187 0.018766
5 0.991424 0.044766 0.011409 0.017745
5 0.761486 0.051840 0.010143 0.016165
5 0.847272 0.049484 0.009829 0.015898
3 0.336189 0.316872 0.040204 0.128633
3 0.327899 0.315164 0.023587 0.124820