2 0.193515 0.321776 0.083371 0.113103
4 0.542697 0.357688 0.058574 0.114285
4 0.448122 0.405806 0.042767 0.112443
4 0.901689 0.437949 0.041487 0.154621
4 0.658837 0.369860 0.040204 0.098949
4 0.720950 0.314451 0.040282 0.097806
4 0.377157 0.329691 0.031969 0.104680
4 0.859132 0.340774 0.042124 0.093271
3 0.272722 0.317626 0.042160 0.110665
4 0.436401 0.308691 0.034210 0.082424
6 0.569129 0.296420 0.021696 0.097447
4 0.500812 0.309986 0.035643 0.100995
5 0.829705 0.070644 0.011380 0.018080
5 0.876699 0.069133 0.012020 0.018824
5 0.853304 0.069967 0.011511 0.018419
5 0.729488 0.393000 0.014656 0.024013
5 0.683191 0.069087 0.011417 0.017704
5 0.807339 0.068723 0.010713 0.015390
5 0.900971 0.069946 0.011202 0.016470
5 0.645462 0.069822 0.011860 0.017616
5 0.925246 0.069650 0.011120 0.016599
5 0.975587 0.070908 0.012228 0.020330
5 0.950012 0.069790 0.011076 0.016979
5 0.744308 0.069036 0.011967 0.017982
5 0.764227 0.068861 0.011513 0.017645
5 0.664098 0.069723 0.011404 0.017923
5 0.703057 0.068660 0.011342 0.017579
5 0.785755 0.069710 0.009972 0.015489
5 0.723319 0.068417 0.011142 0.016546