6 0.540685 0.533117 0.076824 0.186083
2 0.226008 0.374944 0.080974 0.108230
4 0.718981 0.399503 0.041003 0.114964
4 0.862309 0.352394 0.032281 0.104277
4 0.593717 0.361671 0.032109 0.090670
4 0.502525 0.345914 0.028255 0.094956
4 0.547966 0.402679 0.039286 0.103340
4 0.412145 0.335083 0.023782 0.099101
3 0.290803 0.362326 0.031424 0.112974
4 0.444173 0.394050 0.040981 0.091630
4 0.377709 0.399639 0.033759 0.136271
5 0.884408 0.107890 0.010941 0.018132
5 0.816229 0.108921 0.009939 0.016521
5 0.861114 0.108022 0.009951 0.016034
5 0.838456 0.108123 0.010335 0.016157
5 0.907510 0.106439 0.011403 0.018860
4 0.692646 0.337055 0.060720 0.074676
5 0.956779 0.106794 0.012609 0.020848
5 0.982238 0.105610 0.012694 0.021035
5 0.931752 0.106689 0.011957 0.019997
5 0.794385 0.109256 0.010622 0.017727
5 0.753082 0.109290 0.009917 0.016326
5 0.732443 0.109641 0.010558 0.016781
5 0.773782 0.109607 0.010673 0.016634
5 0.712781 0.110449 0.010756 0.016731
5 0.693323 0.111104 0.010718 0.018326