2 0.180110 0.322963 0.083230 0.117466
4 0.779255 0.378834 0.049721 0.150537
6 0.554722 0.279583 0.021329 0.098368
4 0.686264 0.296356 0.039011 0.093918
4 0.463251 0.280697 0.032598 0.094398
4 0.920109 0.294121 0.034435 0.101566
4 0.675254 0.370444 0.038129 0.132930
4 0.393750 0.318513 0.037344 0.119128
4 0.605490 0.304535 0.044794 0.074001
5 0.623177 0.574788 0.016950 0.015534
3 0.281448 0.319982 0.045446 0.101262
4 0.370718 0.327368 0.028031 0.102661
4 0.604777 0.274644 0.049178 0.086726
5 0.752152 0.046089 0.010824 0.017146
5 0.963471 0.040653 0.009644 0.015107
5 0.990527 0.039404 0.010991 0.018040
5 0.731564 0.046376 0.012069 0.018021
5 0.888255 0.042258 0.010111 0.015208
5 0.913038 0.041362 0.010248 0.015493
5 0.938027 0.041323 0.010513 0.016173
5 0.690242 0.047647 0.010509 0.017188
5 0.670558 0.049203 0.010356 0.018086
5 0.710755 0.046614 0.010856 0.017010
5 0.864670 0.043313 0.010292 0.016261
5 0.795910 0.045198 0.010201 0.015212
4 0.282261 0.319945 0.045760 0.100316
4 0.481671 0.272269 0.037127 0.085767
5 0.650994 0.050245 0.010684 0.017337
5 0.841512 0.043932 0.010030 0.016188
5 0.818578 0.045368 0.009792 0.015254
5 0.774065 0.045716 0.009705 0.015320