2 0.423697 0.327512 0.072412 0.103376
4 0.588051 0.366449 0.056645 0.110203
4 0.369802 0.378457 0.037226 0.132217
6 0.692320 0.268445 0.018144 0.087326
4 0.754170 0.306178 0.053352 0.088532
4 0.554582 0.313733 0.028751 0.090977
4 0.975608 0.470422 0.048222 0.195742
4 0.776052 0.290596 0.026626 0.091546
3 0.486058 0.313981 0.029037 0.120420
5 0.112996 0.750925 0.018044 0.021450
4 0.967876 0.311083 0.064069 0.076791
5 0.927379 0.061311 0.009645 0.015390
1 0.310625 0.618634 0.616695 0.762733
5 0.905642 0.061910 0.010613 0.017697
5 0.971713 0.059757 0.009990 0.016075