2 0.370733 0.186846 0.079988 0.114414
4 0.839617 0.262479 0.053483 0.155497
6 0.874455 0.777224 0.083524 0.240190
4 0.982457 0.310107 0.035086 0.180246
6 0.508724 0.139887 0.023102 0.100380
3 0.442807 0.188894 0.042546 0.105855
4 0.700421 0.213801 0.038017 0.095598
4 0.586395 0.236723 0.040203 0.101932
4 0.577281 0.207677 0.038163 0.111990
5 0.808233 0.480252 0.016625 0.015398
4 0.980878 0.182089 0.035517 0.109239
5 0.035139 0.628434 0.022373 0.027347
4 0.852654 0.169183 0.045099 0.083222
4 0.806476 0.137164 0.021968 0.096116
4 0.788109 0.140714 0.044692 0.087746
5 0.723057 0.238688 0.009097 0.012260