2 0.190337 0.387649 0.083344 0.108646
4 0.649058 0.424238 0.042735 0.134280
4 0.546739 0.372002 0.027734 0.099019
4 0.463758 0.399469 0.031339 0.115645
4 0.506638 0.357765 0.026631 0.112989
4 0.759515 0.360872 0.022378 0.097645
6 0.569307 0.351569 0.020409 0.094140
4 0.402061 0.400848 0.040927 0.105051
4 0.382752 0.369017 0.030393 0.150287
5 0.917627 0.125362 0.012237 0.019802
5 0.893124 0.125915 0.011658 0.019488
5 0.942220 0.125486 0.012512 0.019954
5 0.967442 0.125043 0.012742 0.019810
5 0.992913 0.124068 0.012958 0.022779
5 0.869257 0.125153 0.011972 0.019052
6 0.278379 0.372209 0.036544 0.115100
4 0.278793 0.372207 0.038003 0.114679
5 0.801215 0.125676 0.010186 0.016142
5 0.757883 0.126926 0.010212 0.018010
4 0.647627 0.334172 0.034975 0.070648
5 0.737295 0.126929 0.010540 0.017550
3 0.278723 0.372263 0.036952 0.115144
5 0.696587 0.127598 0.009525 0.016131