2 0.043493 0.393769 0.085144 0.118256
6 0.745753 0.693632 0.067664 0.309064
4 0.667651 0.372822 0.038246 0.138810
4 0.793987 0.374517 0.037938 0.130910
6 0.367803 0.303511 0.019651 0.084499
4 0.431384 0.321191 0.021433 0.093593
4 0.155613 0.398438 0.031689 0.124018
3 0.123371 0.370652 0.033734 0.120420
4 0.856200 0.321403 0.031876 0.095377
5 0.676048 0.090985 0.010863 0.016327
5 0.613407 0.095039 0.010639 0.017021
5 0.634161 0.093872 0.010886 0.016515
5 0.988941 0.072545 0.012007 0.019025
5 0.654778 0.092405 0.011232 0.017433
5 0.697186 0.089964 0.012388 0.017458
5 0.885086 0.076562 0.010077 0.014566
5 0.593898 0.096296 0.011442 0.018595
5 0.962483 0.073907 0.010591 0.017469
5 0.910061 0.075881 0.009086 0.013838
5 0.835475 0.078714 0.010503 0.017149
5 0.859996 0.077603 0.010213 0.015449
5 0.719307 0.087757 0.011802 0.019215
5 0.741817 0.086418 0.011518 0.018123
5 0.764015 0.084310 0.011034 0.018288
5 0.936257 0.074962 0.009010 0.014364
5 0.574453 0.096895 0.010487 0.016584
5 0.787739 0.081782 0.010692 0.017839
5 0.290783 0.010661 0.017461 0.021323
4 0.828121 0.327436 0.033869 0.100787
5 0.811623 0.080404 0.009923 0.016691
5 0.554996 0.097991 0.010046 0.015343