2 0.143082 0.292035 0.085358 0.112877
4 0.596819 0.291087 0.041772 0.131494
4 0.900373 0.312392 0.029876 0.113803
4 0.233972 0.318385 0.039424 0.111885
4 0.763595 0.324821 0.042044 0.120877
4 0.348201 0.321363 0.034143 0.125400
4 0.543257 0.331744 0.033838 0.123528
4 0.461203 0.322899 0.039878 0.121068
4 0.827216 0.347354 0.040721 0.131421
4 0.420319 0.328147 0.029187 0.134082
4 0.388350 0.330830 0.033872 0.131346
5 0.929152 0.036134 0.009702 0.015517
5 0.879344 0.035979 0.010317 0.016667
5 0.904173 0.035911 0.009924 0.016018
5 0.955698 0.037017 0.010481 0.016581
5 0.831911 0.035679 0.010861 0.016858
5 0.855664 0.036348 0.010200 0.017095
5 0.720817 0.034941 0.009481 0.015393
5 0.981639 0.037484 0.011544 0.018313
5 0.808451 0.035417 0.009954 0.016229
4 0.397612 0.325112 0.060773 0.139823
5 0.764147 0.035128 0.009641 0.014847
5 0.699983 0.034470 0.010623 0.016036
5 0.742515 0.035143 0.008047 0.013798
5 0.786391 0.036025 0.009668 0.015673
5 0.679682 0.034516 0.009895 0.016143
4 0.469192 0.318103 0.054208 0.125660