2 0.073489 0.429667 0.088787 0.117511
6 0.432732 0.737163 0.078013 0.237293
4 0.639375 0.396231 0.029421 0.092173
4 0.600544 0.501936 0.045377 0.117956
4 0.346987 0.443637 0.037244 0.119908
4 0.393376 0.397525 0.036629 0.094839
4 0.289304 0.431930 0.034633 0.104038
4 0.455386 0.407375 0.039537 0.084777
4 0.275001 0.412071 0.031893 0.116725
6 0.159943 0.408821 0.034506 0.126796
4 0.448204 0.358599 0.029039 0.089222
5 0.892498 0.146481 0.010858 0.015455
5 0.868057 0.146526 0.011124 0.016760
5 0.843346 0.147390 0.011582 0.018674
5 0.819425 0.147976 0.011107 0.018911
5 0.943512 0.146385 0.010354 0.016127
5 0.917985 0.145769 0.010411 0.015237
5 0.969547 0.146384 0.011481 0.016677
5 0.796027 0.148886 0.011139 0.019367
5 0.547450 0.157893 0.009919 0.015688
5 0.566017 0.156947 0.010039 0.015570
5 0.995105 0.145650 0.009790 0.017554
5 0.585135 0.156199 0.010120 0.015778
5 0.646588 0.022850 0.012822 0.017238
5 0.604519 0.155653 0.010843 0.017256
5 0.706893 0.153177 0.008647 0.016940
5 0.685496 0.153757 0.009756 0.016762
5 0.644348 0.154708 0.009083 0.018969
5 0.624247 0.155292 0.010602 0.017841
4 0.160363 0.410576 0.035557 0.124792
5 0.664758 0.154682 0.008989 0.015959