4 0.372077 0.471207 0.060632 0.131126
2 0.442589 0.377164 0.072353 0.103417
4 0.613235 0.436449 0.049594 0.114778
4 0.366532 0.418479 0.039370 0.085365
4 0.732565 0.391761 0.045881 0.122532
3 0.493859 0.379788 0.034584 0.099094
4 0.537069 0.411025 0.033352 0.095778
4 0.876519 0.383516 0.028147 0.103188
5 0.130801 0.784628 0.019897 0.026097
5 0.718694 0.458992 0.011101 0.017923
5 0.971518 0.140675 0.011501 0.019450
5 0.993711 0.140313 0.011327 0.020193
5 0.949584 0.140253 0.011049 0.018312
5 0.928100 0.140244 0.010212 0.017261
4 0.542975 0.381623 0.032048 0.097589