6 0.569421 0.377057 0.030910 0.107677
3 0.256536 0.354711 0.028430 0.124584
4 0.724049 0.392920 0.040519 0.122150
5 0.937661 0.135316 0.012100 0.018870
5 0.988076 0.137054 0.013754 0.021433
5 0.962280 0.136121 0.012770 0.020104
5 0.822267 0.130185 0.011202 0.018860
5 0.913304 0.133876 0.012727 0.019343
2 0.227827 0.355334 0.084128 0.119611
5 0.889483 0.132461 0.012659 0.019963
5 0.866549 0.132583 0.012448 0.018923
6 0.256692 0.355712 0.028876 0.123535
5 0.844041 0.130631 0.012769 0.020639
5 0.738385 0.124470 0.010753 0.016749
5 0.800325 0.127307 0.011498 0.019118
5 0.779063 0.126411 0.011140 0.018973
5 0.758563 0.124906 0.010462 0.017655