4 0.974360 0.464429 0.046666 0.152825
4 0.649158 0.400277 0.039697 0.131437
2 0.316714 0.349512 0.079885 0.101157
4 0.777945 0.412283 0.037895 0.128320
4 0.528544 0.344739 0.027866 0.106545
4 0.044076 0.372326 0.039502 0.126862
4 0.253777 0.327108 0.032261 0.100539
4 0.669625 0.348836 0.026507 0.102675
6 0.751378 0.359092 0.019407 0.092828
5 0.895974 0.138352 0.010596 0.017446
5 0.874237 0.136564 0.011616 0.017999
5 0.942109 0.141932 0.011296 0.016502
5 0.852433 0.134861 0.010509 0.016701
5 0.831709 0.134207 0.011615 0.018125
5 0.918732 0.140922 0.011136 0.017387
5 0.989621 0.145621 0.012319 0.017645
5 0.810880 0.132876 0.011908 0.020741
5 0.965301 0.144320 0.011047 0.017285
5 0.790640 0.131969 0.011418 0.019865
5 0.771828 0.129202 0.010399 0.020445
3 0.315366 0.348735 0.079325 0.104592
5 0.897170 0.138839 0.012003 0.021019