4 0.800842 0.507769 0.077911 0.115736
4 0.807692 0.617616 0.055256 0.169098
4 0.331746 0.656888 0.053673 0.196464
4 0.406347 0.468379 0.036915 0.120802
4 0.958004 0.524545 0.073498 0.108768
5 0.857620 0.227289 0.010531 0.016662
5 0.882060 0.228240 0.011383 0.018039
5 0.833216 0.225708 0.011854 0.018014
5 0.906096 0.230117 0.011924 0.018385
5 0.095754 0.179503 0.012467 0.017429
5 0.809161 0.224653 0.011941 0.017189
5 0.930883 0.232185 0.010627 0.017496
5 0.116996 0.179891 0.013483 0.019472
5 0.644749 0.215306 0.012417 0.019586
6 0.267728 0.415911 0.021116 0.097995
5 0.691045 0.218770 0.010483 0.016902
5 0.399008 0.197914 0.012707 0.020720
5 0.376364 0.197066 0.012467 0.019853
5 0.531625 0.208190 0.011970 0.020173
5 0.420805 0.199394 0.012071 0.017718
5 0.761420 0.222805 0.012031 0.016607
5 0.599811 0.213117 0.011222 0.017482
5 0.668093 0.216918 0.011864 0.018263
5 0.714048 0.220969 0.011438 0.017326
5 0.509186 0.206998 0.011638 0.019385
5 0.332440 0.194021 0.011460 0.019135
5 0.554512 0.210378 0.012002 0.018871
5 0.785760 0.222997 0.011714 0.015784
5 0.979712 0.234975 0.011285 0.016684
5 0.738346 0.221366 0.011152 0.016606
5 0.955355 0.233736 0.010636 0.016224
5 0.576771 0.211386 0.011792 0.016712
5 0.464853 0.204610 0.011098 0.019771
5 0.245712 0.188924 0.011917 0.016821
5 0.487639 0.205090 0.011859 0.019659
5 0.139009 0.180988 0.012691 0.017903
5 0.622369 0.214497 0.010805 0.016602
5 0.354615 0.195620 0.012177 0.018879
5 0.076055 0.177655 0.013117 0.017938
4 0.931977 0.521283 0.029753 0.110818
4 0.959615 0.484850 0.079850 0.193002
5 0.267144 0.189000 0.011324 0.015698
5 0.442911 0.201588 0.012130 0.019272
4 0.426281 0.468990 0.076865 0.133424