2 0.244255 0.319029 0.081849 0.111557
6 0.788221 0.507138 0.045192 0.207876
4 0.762356 0.382500 0.034991 0.144670
4 0.508774 0.342503 0.041004 0.120631
4 0.545912 0.344520 0.039481 0.104423
4 0.396282 0.299217 0.028299 0.109138
6 0.460669 0.293383 0.028667 0.098473
4 0.809489 0.382084 0.053667 0.126676
4 0.664133 0.324329 0.030466 0.115853
4 0.716627 0.341719 0.036595 0.118966
3 0.302243 0.321789 0.048704 0.095673
4 0.311421 0.331090 0.031456 0.094363
5 0.984534 0.079355 0.013607 0.020620
5 0.958779 0.078796 0.012277 0.019444