2 0.052643 0.389715 0.086023 0.117367
6 0.682959 0.728647 0.091261 0.301858
4 0.767900 0.370244 0.037302 0.132034
4 0.648544 0.359327 0.033029 0.128586
4 0.965956 0.345071 0.032548 0.105283
4 0.874986 0.323402 0.037493 0.099098
6 0.363844 0.304024 0.018777 0.082662
4 0.440508 0.322650 0.021701 0.092425
4 0.152413 0.401330 0.036562 0.123486
4 0.814130 0.326758 0.028624 0.094381
3 0.138117 0.367965 0.034858 0.116239
5 0.845924 0.081546 0.011353 0.017820
5 0.870682 0.080517 0.010096 0.016775
5 0.301730 0.010589 0.016456 0.021179
5 0.664856 0.093859 0.011006 0.017890
5 0.686144 0.093057 0.011012 0.017714
5 0.644112 0.095023 0.011271 0.018264
5 0.603644 0.097478 0.010300 0.017038
5 0.583998 0.098037 0.009924 0.016956
5 0.707614 0.090964 0.011350 0.017614
5 0.920874 0.079536 0.009910 0.015704
5 0.564931 0.098921 0.010050 0.016032
5 0.798035 0.085075 0.010488 0.017373
5 0.774857 0.086299 0.011030 0.018542
5 0.623724 0.096077 0.010605 0.017337
5 0.729591 0.089849 0.011716 0.017092
5 0.751823 0.088009 0.011016 0.017829
5 0.895746 0.079154 0.009866 0.015347
5 0.947136 0.078424 0.010957 0.016055
5 0.822161 0.083567 0.010499 0.017834
5 0.973488 0.077932 0.011588 0.016992
5 0.545780 0.100303 0.009517 0.014584