2 0.217883 0.401478 0.081097 0.110492
4 0.650892 0.408358 0.032140 0.139480
6 0.552777 0.352157 0.025100 0.100660
4 0.453122 0.378025 0.034504 0.113706
4 0.726643 0.457398 0.040240 0.158206
6 0.588897 0.351982 0.024781 0.095561
4 0.616466 0.375436 0.025451 0.108880
4 0.403251 0.396373 0.027898 0.122741
6 0.302251 0.382594 0.037795 0.121006
5 0.919593 0.117587 0.011142 0.017877
5 0.895485 0.118569 0.010819 0.017409
5 0.944439 0.116447 0.011738 0.019333
5 0.969591 0.115758 0.011957 0.020596
4 0.737298 0.369632 0.034304 0.101149
4 0.668281 0.376912 0.026355 0.111355
4 0.745118 0.370347 0.048233 0.102043
5 0.994557 0.114515 0.010885 0.020556
5 0.872163 0.119883 0.010472 0.016472
3 0.302723 0.383254 0.038678 0.119858
5 0.826624 0.121641 0.009730 0.015165
5 0.849355 0.121347 0.010380 0.016255
4 0.302508 0.381788 0.039415 0.122041
5 0.804809 0.122470 0.010031 0.014744
5 0.721008 0.126493 0.009073 0.015638
5 0.741415 0.124879 0.009677 0.015717
5 0.008073 0.013633 0.015734 0.027265