4 0.453404 0.356194 0.046712 0.118471
4 0.564643 0.378592 0.043531 0.154114
4 0.437540 0.259189 0.025343 0.077809
4 0.118734 0.350357 0.032114 0.103362
4 0.744161 0.270640 0.030929 0.115229
4 0.573224 0.239972 0.043761 0.080183
4 0.072677 0.354489 0.052947 0.128519
6 0.965389 0.250831 0.033652 0.115461
4 0.689363 0.235378 0.027535 0.089201
2 0.652782 0.248220 0.068036 0.085974
4 0.066028 0.363569 0.038690 0.111396
5 0.025897 0.103280 0.009430 0.014462
5 0.004570 0.105099 0.008768 0.017446
5 0.067372 0.099066 0.008775 0.014202