2 0.694974 0.240139 0.070877 0.086643
4 0.564294 0.255862 0.033514 0.081986
6 0.861348 0.219595 0.034002 0.087812
4 0.826828 0.235373 0.034921 0.092064
4 0.753103 0.223260 0.029746 0.084611
4 0.606933 0.239208 0.025500 0.087869
6 0.509949 0.571624 0.044806 0.232024
4 0.096490 0.329980 0.037089 0.102285
4 0.378320 0.337956 0.041821 0.117797
4 0.417269 0.259997 0.031188 0.089611
4 0.703491 0.274549 0.025073 0.111395
5 0.902155 0.282587 0.007684 0.011773
5 0.051881 0.073902 0.010442 0.017174
5 0.134023 0.068018 0.010553 0.019590
4 0.686935 0.244994 0.049014 0.073551
3 0.683141 0.244872 0.041321 0.073992
5 0.172081 0.063760 0.011429 0.018623
7 0.694974 0.240139 0.127579 0.129964
