4 0.240813 0.496589 0.066245 0.149949
2 0.419570 0.347074 0.076105 0.102670
4 0.179818 0.585720 0.059015 0.167675
6 0.615015 0.321303 0.037959 0.098160
4 0.354768 0.571351 0.079742 0.158000
4 0.381324 0.539115 0.054110 0.191009
4 0.320785 0.461873 0.048278 0.157907
4 0.560383 0.372146 0.034759 0.114313
4 0.934287 0.868059 0.087815 0.262385
4 0.266012 0.427408 0.038460 0.139262
3 0.420167 0.346622 0.043440 0.101965
5 0.945500 0.062388 0.009692 0.016314
5 0.923514 0.064137 0.010307 0.015670
5 0.968192 0.061780 0.010281 0.017849
5 0.991360 0.060229 0.011176 0.020291
5 0.902059 0.066683 0.010208 0.014944
1 0.308890 0.693799 0.617780 0.612402
5 0.881464 0.067585 0.010258 0.014721