2 0.954014 0.291320 0.080611 0.103652
4 0.743300 0.317892 0.035854 0.106557
6 0.330742 0.279455 0.027574 0.091303
4 0.428487 0.294292 0.026148 0.089668
4 0.581765 0.359124 0.042115 0.102093
4 0.312706 0.363705 0.042420 0.098740
4 0.102796 0.336439 0.040186 0.094729
4 0.388807 0.315607 0.034526 0.094543
4 0.499031 0.310056 0.029244 0.106773
6 0.878398 0.290880 0.036266 0.092331
4 0.612601 0.290339 0.029354 0.080342
3 0.878275 0.290277 0.036405 0.093206
4 0.475611 0.317612 0.036564 0.100886
5 0.076042 0.072246 0.010586 0.017268
5 0.515456 0.341686 0.010443 0.019837
5 0.051034 0.072887 0.010743 0.017260
5 0.100490 0.071436 0.010514 0.017537
5 0.026230 0.073125 0.010824 0.017668
5 0.124019 0.072085 0.009450 0.016813
5 0.170006 0.070050 0.010046 0.016414
5 0.147307 0.071692 0.009732 0.016494
5 0.334235 0.072814 0.012858 0.019692