2 0.264267 0.377934 0.080601 0.113400
4 0.831968 0.407648 0.047021 0.140833
4 0.439784 0.369084 0.040536 0.110265
6 0.477602 0.304241 0.022570 0.083819
4 0.985019 0.387425 0.029962 0.166511
4 0.814564 0.304222 0.031199 0.102520
4 0.537455 0.309652 0.032883 0.076220
3 0.353557 0.364110 0.034822 0.107295
4 0.791651 0.349848 0.040230 0.110012
5 0.704498 0.611341 0.017694 0.015526
5 0.948409 0.062127 0.010031 0.016076
5 0.876628 0.068464 0.010074 0.015497
5 0.973300 0.059427 0.010947 0.016484
5 0.924009 0.064793 0.010125 0.016656
4 0.703707 0.307836 0.051113 0.064382
5 0.900005 0.067365 0.010228 0.015240
5 0.040306 0.008461 0.016976 0.016922
5 0.854037 0.069434 0.010213 0.016244
4 0.798531 0.309665 0.024586 0.092573
6 0.353327 0.365474 0.034025 0.105663
5 0.831838 0.070863 0.011172 0.019219