4 0.020551 0.441546 0.041103 0.159840
2 0.163398 0.361609 0.083881 0.115653
4 0.665606 0.334148 0.037659 0.097234
4 0.178615 0.392129 0.031710 0.117736
6 0.512786 0.282398 0.023563 0.085083
4 0.382248 0.305883 0.040947 0.084926
4 0.457669 0.293746 0.029184 0.083682
5 0.886471 0.071512 0.012105 0.019138
5 0.962062 0.069199 0.011802 0.018066
5 0.987961 0.068439 0.012383 0.017700
5 0.911085 0.070259 0.011923 0.018977
5 0.935950 0.069493 0.010051 0.016743
5 0.862707 0.071794 0.012412 0.019733
4 0.372828 0.356704 0.028645 0.106335
4 0.254181 0.345481 0.049551 0.129573
3 0.254086 0.345081 0.049249 0.131374
5 0.936182 0.068030 0.012150 0.020333