2 0.179323 0.322408 0.082803 0.114508
4 0.403685 0.313658 0.041689 0.134050
6 0.243866 0.518326 0.051398 0.223307
4 0.541813 0.297769 0.034278 0.102988
4 0.504692 0.304699 0.035748 0.083312
4 0.321605 0.366883 0.037782 0.115253
4 0.449339 0.326868 0.035096 0.109356
4 0.645271 0.337323 0.039415 0.105982
4 0.792675 0.296799 0.038470 0.094440
4 0.377838 0.336844 0.039894 0.102150
4 0.284805 0.318516 0.040201 0.095412
5 0.622428 0.573966 0.018044 0.016599
5 0.670155 0.047574 0.010322 0.016775
5 0.689756 0.046663 0.010365 0.016241
5 0.963136 0.039563 0.010066 0.016897
5 0.989627 0.037881 0.011623 0.019492
5 0.912556 0.041210 0.010895 0.017729
5 0.751945 0.045427 0.010586 0.016030
5 0.937623 0.040056 0.010374 0.017460
4 0.650096 0.277863 0.046468 0.082878
5 0.887950 0.041395 0.010563 0.016984
5 0.863961 0.041645 0.010021 0.015726
5 0.650953 0.048600 0.010216 0.015852
5 0.731131 0.045818 0.011620 0.017061
5 0.710147 0.046082 0.010456 0.015753
5 0.840898 0.043628 0.010129 0.016707
5 0.795688 0.044757 0.010192 0.014991
5 0.818325 0.045168 0.009976 0.015528
4 0.666131 0.281188 0.024237 0.084105
1 0.193753 0.513878 0.384799 0.210809
5 0.773583 0.045271 0.009849 0.015280