2 0.418410 0.351402 0.077316 0.100770
4 0.743989 0.468999 0.044946 0.155784
4 0.902679 0.447278 0.036970 0.150745
4 0.848763 0.344481 0.026279 0.095706
4 0.736698 0.321568 0.025756 0.086157
4 0.665472 0.372029 0.039790 0.110872
4 0.929235 0.417162 0.041712 0.144113
5 0.928085 0.112986 0.010895 0.017102
5 0.972934 0.114207 0.011065 0.017580
4 0.485302 0.347058 0.036293 0.107218
5 0.950540 0.113566 0.011698 0.017666
5 0.907240 0.112731 0.011113 0.016399
5 0.100786 0.765285 0.020066 0.027819
5 0.995133 0.114464 0.009734 0.018406
3 0.485533 0.346986 0.036036 0.107333
5 0.886566 0.112482 0.010954 0.016938
5 0.809231 0.110385 0.009660 0.018421
6 0.986536 0.851566 0.026661 0.293369
5 0.847191 0.110843 0.010880 0.019739
5 0.948825 0.405446 0.007818 0.013986