4 0.788581 0.457495 0.047417 0.153091
4 0.648744 0.335043 0.028770 0.096665
4 0.703454 0.435706 0.035659 0.154071
3 0.288575 0.350770 0.058885 0.079375
2 0.258454 0.339467 0.081584 0.111728
4 0.417880 0.370043 0.042958 0.092762
4 0.436285 0.323591 0.025723 0.078887
4 0.381045 0.340552 0.043493 0.112256
4 0.361713 0.356943 0.032594 0.090968
4 0.574926 0.333560 0.032920 0.096656
4 0.718598 0.355334 0.047739 0.103483
6 0.628726 0.310143 0.019614 0.076579
5 0.926373 0.127000 0.010995 0.018040
5 0.772568 0.117555 0.010633 0.018325
5 0.903234 0.127329 0.010121 0.016515
5 0.752675 0.116871 0.010901 0.018646
5 0.510838 0.007024 0.013360 0.014049
5 0.950719 0.128400 0.012029 0.019548
5 0.814240 0.119484 0.010350 0.016779
5 0.793499 0.118937 0.011439 0.019090
5 0.732886 0.116492 0.010489 0.017333
5 0.713743 0.115099 0.010826 0.016449
5 0.975384 0.130193 0.012505 0.018686
5 0.835729 0.120845 0.010469 0.016780
5 0.857865 0.123353 0.010540 0.015885
5 0.880692 0.124672 0.010332 0.016537
6 0.990999 0.756000 0.018001 0.259736