2 0.217991 0.306298 0.082823 0.109360
6 0.342345 0.461031 0.043900 0.197823
3 0.312637 0.296948 0.040384 0.114654
6 0.577086 0.286445 0.025348 0.101732
4 0.391839 0.312139 0.028579 0.109857
4 0.353514 0.342226 0.034189 0.123828
4 0.516017 0.332777 0.040919 0.126217
4 0.686216 0.275261 0.059900 0.092490
4 0.633781 0.307696 0.036419 0.103374
4 0.831955 0.356171 0.033377 0.127340
4 0.439874 0.321369 0.033275 0.103549
4 0.818383 0.308964 0.042427 0.106650
4 0.527645 0.295225 0.045948 0.083623
4 0.450710 0.262576 0.025460 0.076211
5 0.928899 0.055451 0.010850 0.016935
5 0.979379 0.056515 0.011752 0.017634
5 0.953847 0.056391 0.011524 0.016771
5 0.904821 0.054962 0.011333 0.017513
6 0.989436 0.854030 0.020995 0.288427
5 0.770039 0.052958 0.010942 0.017509
5 0.749935 0.052144 0.011151 0.017830
6 0.993610 0.839139 0.012363 0.311338
5 0.858145 0.054915 0.010886 0.016629
5 0.728782 0.052786 0.010036 0.016532
5 0.881236 0.055577 0.011937 0.018717