4 0.527784 0.297522 0.047104 0.117147
6 0.701365 0.533331 0.045900 0.211581
2 0.784117 0.276999 0.074909 0.092196
0 0.058796 0.621422 0.116390 0.247736
4 0.625235 0.340235 0.034050 0.108918
4 0.348128 0.355752 0.038664 0.116495
4 0.675805 0.297762 0.027356 0.091778
4 0.490953 0.275627 0.028964 0.097550
4 0.166890 0.320897 0.027612 0.094550
4 0.459851 0.275013 0.034490 0.097410
3 0.717730 0.280930 0.033400 0.085857
5 0.862092 0.776977 0.011657 0.016123
4 0.547595 0.284197 0.030404 0.075199
4 0.717712 0.281181 0.033912 0.084982
5 0.701918 0.081572 0.012173 0.018693
5 0.040249 0.090027 0.010889 0.017184
5 0.016997 0.090842 0.011195 0.018413
1 0.058965 0.621829 0.117931 0.251134
5 0.129252 0.086262 0.010441 0.016570
5 0.108039 0.086940 0.009289 0.016001
5 0.063023 0.088548 0.010225 0.015726
6 0.459761 0.276372 0.034350 0.093767
5 0.170615 0.085345 0.008438 0.015693
7 0.784117 0.276999 0.134836 0.138294
