4 0.669582 0.436123 0.041406 0.170721
6 0.904636 0.438733 0.039441 0.199916
6 0.678835 0.233862 0.017920 0.084864
4 0.599022 0.285321 0.040657 0.101430
4 0.504984 0.332106 0.039592 0.113885
2 0.402013 0.303598 0.080691 0.110280
4 0.506951 0.253795 0.038231 0.076154
4 0.432497 0.255009 0.037663 0.092128
4 0.441050 0.299273 0.030665 0.091599
4 0.459301 0.259070 0.030127 0.085408
5 0.097090 0.740869 0.019735 0.026310
5 0.920771 0.023455 0.009830 0.015113
5 0.899310 0.024607 0.009819 0.015629
3 0.440858 0.299290 0.030270 0.092208
5 0.877942 0.025555 0.010303 0.015982
5 0.857760 0.026457 0.009883 0.015300
5 0.989682 0.020346 0.011557 0.019943
5 0.966218 0.021166 0.009769 0.016853
5 0.943323 0.021623 0.009738 0.018335