2 0.258029 0.309589 0.081160 0.109328
6 0.582650 0.504935 0.048215 0.221754
4 0.465835 0.345338 0.034944 0.129958
4 0.715898 0.334701 0.041920 0.135700
4 0.929294 0.277549 0.024804 0.115031
4 0.777903 0.275740 0.035992 0.116466
4 0.355087 0.303162 0.035060 0.131521
4 0.642937 0.291677 0.027084 0.098922
4 0.521441 0.355494 0.030782 0.133239
6 0.624278 0.272601 0.021241 0.103086
4 0.534455 0.327607 0.046033 0.127657
4 0.577066 0.289207 0.033456 0.091265
4 0.541390 0.243879 0.023221 0.080298
5 0.921586 0.029381 0.008968 0.014006
5 0.945818 0.028043 0.009615 0.014391
5 0.970611 0.027190 0.009887 0.015145
5 0.852308 0.031078 0.007968 0.012861
5 0.897967 0.029951 0.009237 0.014854
5 0.875065 0.030256 0.009655 0.014834
5 0.808595 0.031811 0.008915 0.014545
5 0.830176 0.030916 0.009302 0.015242
5 0.995182 0.025611 0.009636 0.018255
5 0.746050 0.034236 0.009514 0.014911
5 0.787412 0.033263 0.009712 0.014492
5 0.766260 0.032719 0.009571 0.014689
5 0.946793 0.028328 0.010889 0.017510