2 0.846121 0.244483 0.075869 0.092465
6 0.602065 0.572074 0.052634 0.233093
4 0.332277 0.267020 0.042743 0.089203
4 0.708859 0.266079 0.033297 0.106060
6 0.480233 0.356077 0.033431 0.154875
4 0.283206 0.356628 0.030572 0.149352
4 0.142367 0.284135 0.071492 0.093500
3 0.834407 0.234050 0.027405 0.099079
1 0.088828 0.575995 0.176410 0.263972
5 0.082006 0.041296 0.008592 0.015795
5 0.105283 0.040996 0.009341 0.017128
4 0.279313 0.258252 0.025546 0.089655
5 0.170671 0.040419 0.008451 0.015364
5 0.127560 0.041691 0.008973 0.015431
5 0.764687 0.045775 0.010408 0.016785
5 0.927942 0.145887 0.009569 0.017572
5 0.269897 0.039944 0.008375 0.015665
5 0.058839 0.041930 0.008434 0.014974