4 0.623301 0.458582 0.061150 0.110122
2 0.963255 0.334156 0.072923 0.096139
4 0.746128 0.481309 0.054303 0.138300
4 0.860397 0.515692 0.057400 0.158923
4 0.309009 0.554367 0.055961 0.155301
4 0.504594 0.530089 0.067025 0.157276
4 0.347161 0.384520 0.035826 0.103927
4 0.737650 0.360961 0.039691 0.112157
5 0.372321 0.656474 0.015410 0.023918
5 0.092421 0.084738 0.010254 0.016386
5 0.116391 0.085825 0.009036 0.015016
5 0.068064 0.084139 0.010409 0.016807
5 0.043187 0.084203 0.010265 0.016557
6 0.955419 0.329161 0.034719 0.095773
5 0.884980 0.126290 0.011449 0.019035
5 0.208350 0.087879 0.009562 0.016847
3 0.955578 0.329060 0.034972 0.096347
5 0.272519 0.091911 0.010437 0.018412
5 0.229396 0.089833 0.009724 0.018316
5 0.017235 0.083426 0.010548 0.017626