2 0.767118 0.238630 0.072567 0.093835
4 0.428356 0.337028 0.040755 0.150708
4 0.912234 0.354317 0.033445 0.175446
6 0.096741 0.356240 0.042959 0.126900
4 0.707138 0.309906 0.040335 0.132727
4 0.587517 0.363322 0.038356 0.153938
4 0.691686 0.262206 0.031599 0.113182
4 0.230022 0.332268 0.042508 0.116719
6 0.886296 0.297282 0.023381 0.144370
4 0.543360 0.278514 0.027970 0.119974
0 0.050291 0.593061 0.100116 0.247327
4 0.641824 0.265792 0.041826 0.103827
3 0.774862 0.238156 0.034176 0.095052
5 0.019915 0.054234 0.010240 0.015381
5 0.845287 0.136294 0.010051 0.017249
5 0.131327 0.049390 0.010192 0.016367
5 0.209892 0.046279 0.011828 0.019557
4 0.657173 0.265830 0.022630 0.110654