2 0.270176 0.351263 0.081434 0.105325
6 0.660694 0.466831 0.039285 0.161688
6 0.643788 0.330952 0.021493 0.100080
4 0.906066 0.365826 0.026200 0.107535
4 0.789060 0.360481 0.031368 0.107138
3 0.286072 0.342370 0.034727 0.111893
4 0.859206 0.384559 0.032762 0.130832
5 0.935347 0.106723 0.009775 0.016325
5 0.959498 0.107214 0.010853 0.019051
5 0.911767 0.106552 0.010029 0.016948
5 0.888429 0.105557 0.010575 0.016982
4 0.825248 0.342122 0.029148 0.101183
5 0.801060 0.102809 0.009485 0.014936
5 0.866199 0.105391 0.009683 0.016519
5 0.984505 0.107129 0.011573 0.019880
5 0.822222 0.103768 0.010077 0.016645
4 0.847600 0.383290 0.056791 0.128308
4 0.830898 0.375051 0.024014 0.110383
5 0.843731 0.104196 0.010019 0.017003
5 0.517415 0.006389 0.012568 0.012779
5 0.780350 0.103946 0.008832 0.015778
5 0.760177 0.103628 0.009085 0.015356
5 0.740396 0.103900 0.008849 0.015363