2 0.236803 0.304193 0.080315 0.109273
6 0.710994 0.504675 0.051367 0.205179
4 0.791593 0.366758 0.040192 0.157669
4 0.700644 0.368923 0.053825 0.163725
4 0.597061 0.312849 0.031150 0.116722
4 0.570438 0.298899 0.028837 0.114556
4 0.425367 0.318315 0.034211 0.122065
4 0.477530 0.330388 0.033610 0.109942
6 0.521729 0.273174 0.021425 0.090537
4 0.375981 0.278379 0.027778 0.105178
4 0.315470 0.309059 0.026982 0.100545
5 0.926239 0.058072 0.011098 0.016853
5 0.976439 0.059781 0.012224 0.019644
5 0.951079 0.059101 0.011317 0.017716
3 0.298595 0.304270 0.060896 0.086325
5 0.879311 0.058743 0.010372 0.017055