2 0.399451 0.335524 0.075863 0.108063
4 0.482500 0.373961 0.041128 0.122070
4 0.705497 0.274768 0.035091 0.087054
4 0.560252 0.333549 0.031769 0.111838
4 0.732900 0.306827 0.039020 0.086722
4 0.552078 0.383550 0.031961 0.121650
3 0.462711 0.326256 0.031183 0.108610
5 0.094108 0.767021 0.020783 0.023373
4 0.519248 0.276617 0.025106 0.080034
5 0.985214 0.378755 0.016082 0.025353
5 0.944605 0.059146 0.010721 0.017025
5 0.990215 0.059122 0.013070 0.021573
5 0.967554 0.059915 0.010992 0.019195
4 0.527990 0.274186 0.041900 0.084275
5 0.922214 0.061326 0.009874 0.017043
5 0.859575 0.063599 0.009284 0.016181
5 0.879746 0.062508 0.010264 0.018026
5 0.900329 0.062200 0.010509 0.017640