2 0.264188 0.376283 0.080894 0.113903
4 0.523526 0.355582 0.039875 0.109568
6 0.575394 0.304511 0.022029 0.095248
4 0.957736 0.373348 0.041610 0.108046
3 0.348606 0.363307 0.034841 0.106304
4 0.665012 0.322463 0.025732 0.091360
4 0.920104 0.314127 0.034975 0.084454
5 0.704210 0.611195 0.017952 0.015416
5 0.948411 0.062684 0.010542 0.017088
5 0.876772 0.068412 0.010129 0.015433
4 0.978487 0.325428 0.038699 0.122763
5 0.923969 0.064516 0.009980 0.016368
5 0.854050 0.069782 0.010124 0.016245
5 0.900107 0.067513 0.010259 0.015301
5 0.973397 0.059948 0.011006 0.017568
5 0.496387 0.006784 0.014273 0.013567
5 0.831914 0.071347 0.011115 0.018437
5 0.810622 0.072253 0.011865 0.021307
5 0.789355 0.074258 0.009261 0.016470
4 0.690987 0.308728 0.079792 0.059239