2 0.828910 0.270830 0.077778 0.089063
4 0.771419 0.538550 0.083908 0.208354
4 0.420193 0.466886 0.065696 0.135670
4 0.543768 0.495553 0.069373 0.129698
4 0.405169 0.362133 0.049994 0.099525
1 0.086159 0.681016 0.171492 0.267202
5 0.452498 0.516435 0.012488 0.018051
3 0.821521 0.269489 0.038546 0.096874
5 0.920884 0.771865 0.013960 0.017022
5 0.041473 0.145383 0.010641 0.016587
5 0.065672 0.143365 0.010100 0.016322
5 0.088116 0.140878 0.011432 0.018677
5 0.017707 0.149306 0.010933 0.018465
5 0.193244 0.130553 0.010773 0.018688
4 0.437482 0.668568 0.056229 0.241142
5 0.131946 0.136561 0.011037 0.020003
5 0.109898 0.138642 0.010875 0.017659
5 0.152800 0.134910 0.011347 0.017621
5 0.213581 0.128433 0.009574 0.016079
5 0.906715 0.164642 0.012313 0.021614