4 0.212252 0.411838 0.055184 0.131954
2 0.351999 0.362733 0.077338 0.107729
4 0.667250 0.493634 0.049838 0.183955
4 0.544917 0.489846 0.044872 0.160999
4 0.261800 0.392758 0.034283 0.094565
4 0.733703 0.367474 0.045921 0.108355
4 0.538755 0.324203 0.036806 0.088317
3 0.407834 0.370779 0.049601 0.083201
4 0.530526 0.369184 0.041890 0.101833
5 0.031847 0.806377 0.020465 0.025287
5 0.957670 0.094819 0.012112 0.017846
5 0.933997 0.094869 0.011690 0.018613
5 0.911766 0.095287 0.011776 0.018656
5 0.889071 0.095403 0.010886 0.018121
5 0.981466 0.094811 0.012827 0.019671
5 0.595540 0.007493 0.014183 0.014985
5 0.867904 0.095825 0.011587 0.019384
7 0.351999 0.362733 0.139208 0.161594
