2 0.254518 0.310411 0.081612 0.109806
4 0.574186 0.291602 0.037437 0.088153
6 0.702887 0.516343 0.042756 0.230796
4 0.774595 0.265364 0.033093 0.109971
4 0.722343 0.333735 0.040701 0.132344
4 0.536763 0.324369 0.034853 0.129668
4 0.408057 0.334656 0.046420 0.157438
4 0.613151 0.294574 0.030153 0.082748
4 0.905740 0.287020 0.032895 0.092321
4 0.349523 0.296658 0.031320 0.113043
4 0.467261 0.255547 0.036882 0.082340
5 0.916599 0.025066 0.009347 0.013530
5 0.893169 0.026157 0.009280 0.014744
5 0.847989 0.027923 0.008010 0.012180
4 0.614115 0.278846 0.028845 0.116680
5 0.940491 0.024289 0.009426 0.013061
5 0.870264 0.026276 0.009277 0.013523
5 0.803982 0.029167 0.009195 0.014418
5 0.782921 0.029628 0.009146 0.015324
5 0.825408 0.028105 0.009773 0.014466
5 0.991368 0.022405 0.009978 0.016286
5 0.965861 0.023122 0.009937 0.013449
5 0.762168 0.030254 0.009904 0.015803
5 0.741885 0.030979 0.009297 0.014516
5 0.702737 0.033964 0.008805 0.013322
5 0.722029 0.033291 0.009297 0.014795