6 0.574266 0.696087 0.081474 0.270823
2 0.262082 0.378561 0.076792 0.112109
4 0.775998 0.383924 0.041413 0.136568
6 0.621082 0.329600 0.029695 0.097651
4 0.696377 0.336055 0.027900 0.111376
4 0.987220 0.355570 0.025561 0.149028
4 0.407781 0.372482 0.028368 0.117170
4 0.567392 0.328399 0.027968 0.109569
4 0.462641 0.368196 0.039882 0.123267
4 0.962009 0.342916 0.028580 0.131251
5 0.704238 0.611337 0.016584 0.014202
5 0.495641 0.007017 0.013461 0.014035
3 0.321684 0.357279 0.031635 0.114114
5 0.039987 0.008424 0.016908 0.016847
5 0.876504 0.068494 0.010218 0.015275
5 0.831699 0.071270 0.010608 0.017581
5 0.948015 0.062067 0.010224 0.016933
5 0.809962 0.073597 0.010734 0.017838
5 0.923835 0.064287 0.009400 0.015616
5 0.671653 0.087887 0.009980 0.019085
5 0.972663 0.059583 0.010439 0.017213
5 0.853765 0.069968 0.009864 0.016492
5 0.899783 0.067363 0.009620 0.014765