2 0.208340 0.334993 0.083013 0.108813
6 0.686598 0.500904 0.042589 0.201213
6 0.534871 0.314416 0.024161 0.103212
4 0.752064 0.382029 0.035213 0.144163
4 0.712268 0.396494 0.032342 0.152009
4 0.865734 0.402755 0.034982 0.149395
4 0.316210 0.341759 0.030595 0.114016
4 0.834119 0.365972 0.039194 0.127106
5 0.847471 0.090592 0.011000 0.016694
5 0.870321 0.090763 0.011446 0.017851
5 0.918041 0.092113 0.012138 0.019100
3 0.280279 0.343384 0.035588 0.102678
5 0.942782 0.092096 0.012594 0.019807
5 0.968047 0.092903 0.012861 0.021343
5 0.802927 0.090176 0.011674 0.017180
5 0.893925 0.091293 0.012223 0.019342
5 0.993223 0.092958 0.011944 0.020990
5 0.781579 0.089248 0.011955 0.017685
5 0.825295 0.089903 0.011720 0.017110
5 0.760433 0.089136 0.012460 0.018513
5 0.740046 0.088335 0.011331 0.019234
5 0.719448 0.087476 0.011857 0.020019
6 0.990386 0.852536 0.018954 0.291656
6 0.993672 0.834863 0.012248 0.321132
5 0.848359 0.089933 0.011372 0.020605
4 0.863977 0.338110 0.030616 0.110850
5 0.699524 0.088317 0.012114 0.018472