2 0.051137 0.389833 0.086506 0.120422
6 0.667794 0.723175 0.074604 0.310593
4 0.765188 0.318111 0.036598 0.093842
6 0.336766 0.305228 0.018746 0.087551
4 0.580000 0.352757 0.033930 0.109539
4 0.648792 0.329883 0.031657 0.112380
4 0.465174 0.323790 0.024013 0.095860
4 0.200010 0.396934 0.041830 0.126474
3 0.135295 0.368371 0.035857 0.123699
4 0.866178 0.318449 0.032534 0.097389
4 0.819026 0.320980 0.047089 0.092307
5 0.684080 0.091730 0.010767 0.016809
5 0.662984 0.092224 0.011034 0.016875
5 0.819775 0.082109 0.011469 0.019331
5 0.795998 0.084387 0.011463 0.018403
5 0.844238 0.081149 0.011618 0.017832
5 0.773065 0.086051 0.011283 0.017768
5 0.705834 0.090676 0.011123 0.017784
5 0.621558 0.095620 0.009715 0.016880
5 0.727313 0.089477 0.011434 0.016199
5 0.868689 0.080449 0.010378 0.016913
5 0.642388 0.094366 0.009735 0.015553
5 0.749740 0.087776 0.011360 0.017701
5 0.971226 0.077434 0.011779 0.017376
5 0.944932 0.077972 0.011135 0.016084
5 0.582431 0.096912 0.009690 0.015862
5 0.919036 0.078882 0.011262 0.016871
5 0.601992 0.096630 0.009550 0.016463
5 0.893952 0.078446 0.010752 0.015763
5 0.996189 0.075485 0.007622 0.017763