2 0.091897 0.376773 0.086531 0.117162
6 0.777386 0.492820 0.051641 0.188165
4 0.855912 0.394276 0.033783 0.143611
4 0.645391 0.398262 0.051101 0.123385
4 0.513112 0.353239 0.033045 0.109722
6 0.331959 0.347534 0.024659 0.101401
4 0.457059 0.351373 0.023045 0.118213
4 0.273132 0.347850 0.024971 0.080310
4 0.223917 0.377359 0.032347 0.121929
3 0.113786 0.359952 0.035278 0.122134
5 0.915442 0.106653 0.010212 0.016441
4 0.575776 0.329276 0.020512 0.089260
5 0.941018 0.107301 0.009849 0.015702
5 0.890491 0.106749 0.010782 0.017487
5 0.967426 0.107788 0.010234 0.016347
5 0.865971 0.107376 0.011182 0.018275
5 0.841862 0.107642 0.011051 0.018008
5 0.771894 0.108727 0.011326 0.018440
5 0.749685 0.109599 0.011021 0.018030
5 0.794531 0.108105 0.010846 0.018009
5 0.685265 0.110287 0.010290 0.016063
5 0.818036 0.108310 0.011529 0.019233
5 0.664762 0.110236 0.010762 0.017598
5 0.993494 0.108365 0.010727 0.017999
5 0.291264 0.404775 0.009721 0.015847
5 0.585705 0.112097 0.010279 0.016497
5 0.706381 0.110982 0.010495 0.017437
5 0.727948 0.110743 0.010271 0.015837
5 0.644659 0.110966 0.011195 0.016249
4 0.534863 0.333471 0.016550 0.087201
5 0.604827 0.110984 0.010874 0.017175
5 0.624868 0.111762 0.010428 0.016345
5 0.566876 0.112387 0.010001 0.015707
5 0.343556 0.010534 0.016778 0.021069