2 0.042209 0.389127 0.083517 0.116869
6 0.799025 0.665401 0.072518 0.286155
4 0.696324 0.395585 0.042180 0.139357
4 0.815015 0.392537 0.043811 0.134166
4 0.812274 0.322769 0.056672 0.097676
4 0.738319 0.332375 0.031439 0.099397
6 0.373548 0.301769 0.017349 0.083303
4 0.203399 0.387141 0.038032 0.121821
4 0.436330 0.322029 0.021510 0.090360
3 0.131694 0.364708 0.034435 0.128863
5 0.835250 0.081929 0.010712 0.016714
5 0.633427 0.095438 0.010810 0.017269
5 0.858908 0.080843 0.010204 0.016518
5 0.612722 0.095814 0.010877 0.017261
5 0.696268 0.091185 0.011471 0.017985
5 0.675210 0.092729 0.010879 0.016814
5 0.654042 0.093608 0.010718 0.017185
5 0.884405 0.079442 0.009823 0.014684
5 0.718660 0.090152 0.011859 0.018099
5 0.810732 0.083877 0.010693 0.018031
5 0.988411 0.076994 0.012491 0.020539
5 0.909209 0.080066 0.009513 0.014972
5 0.786892 0.085388 0.011228 0.018332
5 0.740784 0.088429 0.011543 0.018080
5 0.593210 0.097243 0.010919 0.017814
5 0.763570 0.086281 0.011320 0.017467
5 0.290956 0.008651 0.015717 0.017301
5 0.935415 0.078897 0.009303 0.014651
5 0.573592 0.097542 0.010067 0.016289
5 0.961403 0.078694 0.010380 0.016187
5 0.554346 0.098523 0.009904 0.015630
5 0.535420 0.099310 0.009914 0.015440