2 0.196295 0.302018 0.083104 0.113484
4 0.392847 0.324323 0.040707 0.120583
6 0.595627 0.783470 0.061338 0.326555
4 0.582876 0.267143 0.049443 0.117789
4 0.788848 0.320377 0.041689 0.146070
6 0.520315 0.258931 0.023895 0.106855
4 0.492452 0.313784 0.038653 0.106907
4 0.294193 0.286661 0.032326 0.112020
4 0.357845 0.294296 0.021096 0.103579
4 0.330595 0.279594 0.030117 0.126760
4 0.799204 0.252138 0.033657 0.098544
4 0.480602 0.257183 0.031638 0.080987
4 0.663886 0.247996 0.046622 0.096405
4 0.671922 0.247967 0.030937 0.096913