2 0.369997 0.191623 0.080655 0.112769
4 0.823993 0.259914 0.047032 0.120061
4 0.938846 0.362194 0.054346 0.163910
4 0.957834 0.241759 0.081865 0.101130
4 0.726803 0.165164 0.032954 0.100652
6 0.574054 0.158276 0.030267 0.090279
4 0.677432 0.221935 0.028980 0.116607
4 0.907132 0.235001 0.035848 0.119218
4 0.827639 0.162978 0.048240 0.095289
3 0.463952 0.191693 0.041488 0.116591
5 0.808850 0.483551 0.016654 0.015904
5 0.034625 0.629547 0.021291 0.027587
5 0.877666 0.219112 0.010482 0.014418
6 0.464198 0.192685 0.041576 0.115648