2 0.116216 0.252351 0.068843 0.103363
4 0.489476 0.439617 0.039577 0.140666
4 0.400085 0.297516 0.032403 0.109246
4 0.342364 0.346459 0.040960 0.115351
4 0.438744 0.277891 0.027094 0.095260
4 0.586770 0.255703 0.033171 0.075380
4 0.292735 0.310298 0.030957 0.105717
4 0.537259 0.215144 0.028031 0.065703
4 0.520479 0.230835 0.030539 0.057161
6 0.144221 0.508925 0.041162 0.185148
3 0.198137 0.253572 0.032894 0.074714
5 0.336800 0.918224 0.011851 0.017212
5 0.561492 0.236015 0.007058 0.009979
4 0.303841 0.741790 0.046661 0.231436