2 0.278968 0.245236 0.073923 0.106145
4 0.180126 0.437817 0.058198 0.125300
4 0.482753 0.551347 0.054594 0.187690
4 0.778936 0.391239 0.059684 0.146330
6 0.083844 0.272579 0.033507 0.108378
4 0.537761 0.664114 0.059384 0.221866
4 0.341727 0.258779 0.034757 0.087982
4 0.460328 0.279823 0.032732 0.100502
4 0.320382 0.337051 0.037882 0.108901
4 0.876313 0.939399 0.101187 0.118236
4 0.301830 0.282080 0.031984 0.110771
4 0.794124 0.912807 0.075357 0.160565
5 0.219874 0.500424 0.011298 0.015416
5 0.187703 0.756069 0.015431 0.016607
5 0.060067 0.690811 0.020316 0.025273
3 0.285118 0.263186 0.046612 0.076878