2 0.175886 0.300983 0.071861 0.101282
4 0.515899 0.558268 0.055095 0.182045
4 0.511439 0.318592 0.039750 0.098186
6 0.323774 0.225369 0.020879 0.083374
3 0.242029 0.294718 0.037984 0.097460
4 0.336509 0.294708 0.023442 0.091085
4 0.679726 0.323381 0.033252 0.090912
4 0.323889 0.403865 0.029916 0.121455
4 0.471533 0.247328 0.019530 0.077916
6 0.645971 0.746299 0.054591 0.241420
4 0.389370 0.279723 0.025494 0.078003
4 0.315489 0.295381 0.018336 0.082916
4 0.299473 0.304434 0.028087 0.091310
5 0.691658 0.381402 0.010954 0.020238