4 0.516269 0.447339 0.065666 0.174700
2 0.272274 0.278218 0.081675 0.110540
4 0.740854 0.377917 0.047466 0.142862
4 0.510390 0.608046 0.059034 0.220520
6 0.033862 0.332712 0.031708 0.150565
4 0.671058 0.321529 0.039395 0.125446
4 0.513413 0.270870 0.031073 0.094629
4 0.541075 0.267092 0.025586 0.099111
3 0.312562 0.285968 0.038705 0.088288
4 0.418560 0.315020 0.033408 0.094499
4 0.425662 0.255939 0.030023 0.099039
4 0.726796 0.929511 0.082736 0.139452
4 0.447089 0.290297 0.035624 0.101686
5 0.608161 0.515441 0.011320 0.018229
4 0.458771 0.281812 0.045627 0.100380
5 0.079585 0.769964 0.021635 0.020076