4 0.772018 0.346657 0.042198 0.147360
2 0.327428 0.216247 0.074267 0.113657
6 0.258583 0.327425 0.037740 0.157442
4 0.130697 0.339663 0.062760 0.122899
4 0.454982 0.508269 0.058268 0.161569
4 0.300845 0.411946 0.043459 0.160332
4 0.959555 0.542490 0.054876 0.185198
4 0.404316 0.258365 0.045287 0.103338
3 0.357247 0.244144 0.044348 0.086186
4 0.574847 0.358668 0.038602 0.133377
4 0.334790 0.497816 0.038176 0.184240
4 0.228059 0.380458 0.034871 0.137304
5 0.407381 0.349651 0.011748 0.018571
7 0.327428 0.216247 0.133681 0.170485
