2 0.050813 0.324653 0.079367 0.113077
4 0.539056 0.550834 0.069352 0.135180
4 0.738081 0.476286 0.042177 0.140182
6 0.235596 0.235672 0.021548 0.091976
6 0.748092 0.929100 0.065751 0.138598
4 0.199637 0.361695 0.045137 0.104337
4 0.446465 0.269800 0.032398 0.086496
4 0.305640 0.429992 0.042802 0.112428
4 0.672481 0.313546 0.043998 0.077850
4 0.496027 0.323870 0.031246 0.095344
4 0.538216 0.304174 0.031292 0.080766
3 0.116178 0.322134 0.033276 0.110543
4 0.824456 0.355927 0.036840 0.089265
4 0.604363 0.375071 0.032474 0.101780
4 0.276277 0.948083 0.201269 0.103834
7 0.071430 0.324653 0.142861 0.169616
