2 0.034550 0.406943 0.069100 0.111423
4 0.204450 0.404070 0.029769 0.092983
6 0.950483 0.415350 0.022815 0.111098
3 0.107546 0.405017 0.046079 0.084142
4 0.362857 0.456851 0.028980 0.093388
4 0.405913 0.412450 0.030471 0.087790
4 0.518138 0.379957 0.024804 0.085102
4 0.658756 0.403782 0.028590 0.094531
4 0.651956 0.530054 0.036918 0.123087
4 0.310071 0.480494 0.029193 0.099705
5 0.267067 0.413034 0.007745 0.012345
4 0.322292 0.469388 0.046464 0.095937
5 0.586502 0.613868 0.011500 0.010812
4 0.285792 0.412394 0.023720 0.068838
6 0.069365 0.646301 0.037266 0.178065