2 0.187383 0.415182 0.066377 0.094357
4 0.368818 0.451176 0.027664 0.088366
4 0.685679 0.489609 0.030512 0.095832
4 0.706144 0.407803 0.025738 0.080747
6 0.514741 0.855125 0.049408 0.253391
4 0.443758 0.397247 0.027723 0.069080
4 0.599368 0.377646 0.021469 0.069497
4 0.278168 0.406190 0.026932 0.074191
4 0.284170 0.457336 0.025552 0.095529
4 0.301704 0.427726 0.024251 0.086947
4 0.474486 0.395610 0.034208 0.081437
4 0.353552 0.388479 0.021868 0.079604
4 0.387626 0.368346 0.023808 0.061784
5 0.995752 0.876607 0.008497 0.015855
3 0.648236 0.947073 0.191901 0.104921