2 0.286048 0.241186 0.062433 0.093625
4 0.614846 0.415305 0.044890 0.149550
4 0.662582 0.458373 0.042463 0.161378
4 0.496562 0.241312 0.030138 0.079134
4 0.299629 0.357629 0.034618 0.121907
4 0.403669 0.231036 0.023030 0.088821
4 0.731140 0.280584 0.028479 0.100398
4 0.354668 0.273219 0.026434 0.084838
4 0.682478 0.248204 0.025071 0.093833
6 0.121591 0.300019 0.026882 0.118757
4 0.711041 0.870491 0.101238 0.246910
3 0.337351 0.244013 0.026367 0.069635
4 0.539856 0.210619 0.029195 0.076130
4 0.535006 0.217685 0.039219 0.064895
5 0.189527 0.673335 0.015665 0.013420
5 0.100811 0.621730 0.019092 0.024113