2 0.228475 0.263563 0.068952 0.098927
4 0.492066 0.568789 0.047391 0.188558
6 0.373576 0.183945 0.019898 0.071060
4 0.355058 0.363815 0.031702 0.112257
4 0.625151 0.324027 0.044571 0.102540
4 0.697720 0.322824 0.035287 0.109903
6 0.697874 0.711420 0.054899 0.229499
4 0.580479 0.226894 0.023961 0.079736
3 0.291711 0.268399 0.044818 0.086775
4 0.381470 0.261892 0.023996 0.079688
4 0.364640 0.260530 0.049654 0.087499
5 0.600398 0.456925 0.014879 0.014835
4 0.365410 0.262897 0.028743 0.089622
4 0.351135 0.259369 0.025307 0.086344