2 0.124210 0.387432 0.071376 0.098468
6 0.714220 0.795779 0.044915 0.224766
4 0.310868 0.364203 0.025068 0.091521
4 0.421173 0.433659 0.031587 0.115747
4 0.356860 0.467083 0.032593 0.126086
4 0.610662 0.394647 0.025400 0.095336
4 0.650352 0.424832 0.029843 0.128134
4 0.184733 0.354145 0.023393 0.093668
4 0.235348 0.369640 0.029104 0.081292
4 0.185822 0.368306 0.027629 0.090948
4 0.223888 0.354742 0.023962 0.091855
4 0.547484 0.925270 0.067654 0.132808
4 0.201870 0.410251 0.032855 0.082806
4 0.213633 0.359663 0.017780 0.089245
4 0.205721 0.417521 0.034273 0.093294
4 0.217920 0.357932 0.026789 0.087765
4 0.210906 0.415935 0.023749 0.099212
4 0.198508 0.406029 0.026357 0.072250
7 0.124210 0.387432 0.128477 0.147702
