4 0.551728 0.284604 0.027323 0.077910
4 0.711641 0.268832 0.021976 0.079101
4 0.626840 0.335525 0.025356 0.093667
6 0.566164 0.189902 0.016718 0.060265
4 0.758291 0.228010 0.016072 0.056756
2 0.717854 0.219466 0.042394 0.063381
4 0.646545 0.229662 0.016456 0.051306
4 0.290609 0.439799 0.036638 0.116613
4 0.680581 0.233652 0.022085 0.045660
4 0.623213 0.265495 0.022984 0.058155
4 0.626824 0.222985 0.017488 0.054945
6 0.626482 0.222375 0.016932 0.054760
5 0.756974 0.778131 0.018581 0.026369
5 0.234844 0.305118 0.017237 0.013765
7 0.717854 0.219466 0.076309 0.095072
