2 0.696457 0.262596 0.067556 0.088210
4 0.506574 0.547316 0.049274 0.182124
4 0.253530 0.327655 0.045801 0.103417
4 0.680869 0.507277 0.066999 0.141909
6 0.499952 0.220314 0.020584 0.092863
4 0.794378 0.323715 0.031011 0.123451
4 0.855596 0.387054 0.039416 0.119108
3 0.687666 0.266408 0.041543 0.078462
4 0.107684 0.374700 0.039053 0.130997
4 0.634190 0.280188 0.037220 0.089566
4 0.637186 0.322361 0.033940 0.091844
5 0.483079 0.320704 0.010489 0.011522
4 0.641652 0.315472 0.040562 0.082668
4 0.249048 0.904229 0.160488 0.170427