2 0.180235 0.395891 0.074496 0.100487
4 0.352094 0.433054 0.028823 0.104087
4 0.298086 0.446286 0.033346 0.093226
4 0.788150 0.447826 0.034869 0.121979
4 0.471249 0.380688 0.032054 0.076168
4 0.555464 0.356150 0.023537 0.077182
4 0.411973 0.416165 0.028282 0.089581
4 0.391464 0.412722 0.034991 0.089260
4 0.266889 0.416103 0.028937 0.096870
4 0.405172 0.349899 0.025414 0.066804
4 0.506775 0.367965 0.027303 0.089610
6 0.488572 0.854330 0.053978 0.234209
4 0.503823 0.378684 0.028493 0.087059
4 0.502604 0.389680 0.027083 0.065520
3 0.261261 0.389309 0.027329 0.093581
6 0.508942 0.365377 0.023959 0.085145
6 0.474562 0.854712 0.083369 0.233796