4 0.566862 0.545467 0.034805 0.089754
4 0.629059 0.497973 0.026350 0.083713
4 0.545083 0.399024 0.027882 0.081914
4 0.219915 0.499835 0.034052 0.074732
4 0.504121 0.442368 0.021820 0.074306
4 0.671230 0.426623 0.042064 0.075578
4 0.656472 0.383198 0.030719 0.072657
4 0.702970 0.443695 0.028580 0.082649
6 0.439621 0.367568 0.017884 0.068200
4 0.801293 0.461488 0.026727 0.074737
4 0.330073 0.926016 0.062787 0.130668
2 0.696000 0.421061 0.053372 0.098221
4 0.696026 0.414940 0.052232 0.083375
4 0.870683 0.473565 0.032879 0.079986