2 0.186195 0.353419 0.058331 0.086126
6 0.857802 0.363060 0.021759 0.085627
4 0.269269 0.383014 0.029025 0.082729
4 0.458948 0.419893 0.026470 0.082127
3 0.234175 0.358181 0.028368 0.065271
4 0.399640 0.419556 0.026951 0.096057
4 0.778235 0.366867 0.022684 0.086739
4 0.595439 0.513752 0.028193 0.136781
4 0.445808 0.346677 0.027275 0.073993
4 0.389315 0.356833 0.020506 0.066179
4 0.334192 0.364746 0.039752 0.078360
4 0.485373 0.369869 0.025380 0.079484
4 0.588707 0.868276 0.094999 0.245829
6 0.134090 0.483618 0.030263 0.129825
5 0.051729 0.716867 0.018328 0.023589
4 0.533683 0.854020 0.050416 0.251874
7 0.186195 0.353419 0.104996 0.129189
