2 0.062385 0.225872 0.076712 0.104851
4 0.297151 0.410237 0.058846 0.144244
4 0.266516 0.231786 0.028390 0.106336
6 0.417543 0.170947 0.021974 0.100134
4 0.316806 0.250709 0.030229 0.094767
4 0.175827 0.268915 0.035321 0.113108
4 0.234714 0.266041 0.031117 0.115859
4 0.366020 0.198837 0.035169 0.078355
4 0.611665 0.240966 0.027130 0.122664
4 0.399734 0.206584 0.026379 0.070530
3 0.140275 0.215617 0.031309 0.101087
4 0.299539 0.178955 0.035316 0.084975
6 0.404270 0.674608 0.047439 0.223737
4 0.475535 0.164035 0.025781 0.081740
6 0.405052 0.620591 0.047361 0.114965