2 0.587737 0.310029 0.071359 0.096340
4 0.553584 0.591305 0.043083 0.190568
6 0.898781 0.450346 0.037074 0.162674
4 0.359165 0.436132 0.036107 0.140254
4 0.517455 0.399149 0.032390 0.132299
4 0.640472 0.398530 0.029231 0.108744
4 0.674688 0.339606 0.026807 0.109802
4 0.549799 0.293454 0.025057 0.088386
4 0.524151 0.310583 0.031754 0.094134
4 0.492048 0.292545 0.018227 0.098403
4 0.510896 0.292675 0.029517 0.104488
3 0.577459 0.281301 0.022127 0.119752
4 0.578243 0.278943 0.018585 0.117977
4 0.646243 0.327989 0.036281 0.059165
5 0.402160 0.742819 0.029185 0.030365
5 0.016507 0.990217 0.015749 0.019098
5 0.361297 0.707900 0.017408 0.023941
7 0.587737 0.310029 0.128446 0.144510
