2 0.182246 0.390552 0.071285 0.099275
4 0.369132 0.403084 0.031011 0.104768
4 0.706151 0.480546 0.032217 0.106602
6 0.546075 0.765027 0.046083 0.240756
4 0.301731 0.470044 0.035129 0.108914
4 0.403055 0.417142 0.032437 0.099999
4 0.749543 0.383757 0.026907 0.081643
4 0.487734 0.369674 0.033285 0.090403
4 0.619329 0.366976 0.026027 0.074686
4 0.275585 0.390474 0.022898 0.090908
4 0.452360 0.366949 0.025241 0.090638
1 0.377214 0.416026 0.088240 0.092118
3 0.255106 0.380203 0.023401 0.093810
4 0.254808 0.380191 0.022974 0.094844
4 0.481287 0.331461 0.035572 0.071590
4 0.488750 0.330244 0.021884 0.072468
4 0.618398 0.946355 0.114597 0.105001