2 0.731340 0.271615 0.065859 0.088572
4 0.810680 0.457645 0.041469 0.147304
4 0.315588 0.569906 0.061650 0.147558
4 0.498843 0.379784 0.038840 0.106287
4 0.193982 0.430694 0.055197 0.123729
4 0.735596 0.374992 0.032797 0.099006
6 0.531121 0.244998 0.030558 0.080197
4 0.361427 0.632824 0.155804 0.131434
4 0.545384 0.327265 0.029517 0.078820
3 0.658949 0.278701 0.029677 0.103669
6 0.658752 0.279430 0.030097 0.103285
5 0.446422 0.295312 0.018928 0.015386
4 0.550141 0.309960 0.034628 0.098084
4 0.327917 0.342446 0.045382 0.097167
4 0.383222 0.633961 0.112078 0.127003