2 0.166043 0.376861 0.069230 0.102273
6 0.538559 0.690062 0.041387 0.199513
4 0.385435 0.410007 0.028246 0.101602
4 0.693065 0.465923 0.032402 0.107223
4 0.741182 0.366346 0.022461 0.094839
4 0.355833 0.467181 0.034227 0.111445
4 0.299685 0.383760 0.026708 0.096062
4 0.604752 0.349666 0.022940 0.081830
4 0.413751 0.399020 0.023820 0.107777
4 0.432478 0.367944 0.025790 0.090019
4 0.435642 0.328957 0.022712 0.079397
4 0.473348 0.348524 0.030290 0.102310
3 0.239562 0.368350 0.026289 0.097265
4 0.708679 0.953744 0.081566 0.090848
1 0.968621 0.680886 0.062753 0.233434