2 0.038444 0.459975 0.063525 0.091111
3 0.091572 0.457885 0.035343 0.069863
4 0.261471 0.396352 0.026510 0.056483
4 0.308273 0.445231 0.027159 0.082626
4 0.187976 0.446824 0.025090 0.070944
4 0.572347 0.417197 0.021994 0.073997
4 0.280352 0.439352 0.019523 0.077503
6 0.210991 0.404836 0.018429 0.068061
4 0.472917 0.498276 0.028144 0.096347
4 0.226329 0.396972 0.017184 0.050358
4 0.394599 0.439894 0.023094 0.071232
4 0.705997 0.441376 0.022040 0.073001
4 0.491165 0.491835 0.030269 0.104130
4 0.411885 0.904490 0.056256 0.145165