2 0.430921 0.266960 0.080635 0.111093
4 0.417202 0.404458 0.046650 0.148566
4 0.361815 0.492980 0.059512 0.202775
4 0.594826 0.638149 0.071079 0.190814
6 0.329702 0.396110 0.032703 0.170391
4 0.798269 0.445319 0.048241 0.163943
3 0.437413 0.271459 0.045568 0.111290
4 0.499951 0.341078 0.033533 0.124810
4 0.528744 0.328713 0.030554 0.124751
4 0.624626 0.336037 0.033329 0.136960
4 0.365347 0.411548 0.042647 0.125660
4 0.621379 0.301941 0.030611 0.106014
4 0.073798 0.741119 0.146210 0.514036
5 0.247227 0.760445 0.018463 0.018168