4 0.776595 0.298746 0.040127 0.139168
4 0.505935 0.367691 0.052724 0.141420
2 0.734616 0.114511 0.061534 0.088009
4 0.900226 0.327717 0.047097 0.119316
4 0.714641 0.313256 0.040396 0.126230
1 0.449964 0.151450 0.277471 0.084180
4 0.269774 0.378903 0.040992 0.178699
4 0.650084 0.197010 0.038163 0.103131
6 0.513427 0.082664 0.022761 0.101389
6 0.732063 0.134732 0.038726 0.091500
6 0.338592 0.627844 0.057045 0.164168
3 0.732946 0.133772 0.037487 0.092875
4 0.341575 0.549863 0.046253 0.131626
5 0.831364 0.549010 0.011804 0.015630