2 0.824901 0.338050 0.058702 0.083085
4 0.417657 0.494686 0.037702 0.116164
4 0.647277 0.340246 0.025440 0.083065
4 0.740822 0.351796 0.029494 0.067221
3 0.777413 0.341670 0.026519 0.064138
4 0.572026 0.422996 0.028945 0.113308
4 0.707355 0.343989 0.027255 0.081659
4 0.679746 0.339282 0.023714 0.080709
4 0.618840 0.329378 0.032612 0.070983
4 0.360840 0.381527 0.026174 0.104871
4 0.301262 0.381384 0.022951 0.100580
6 0.977754 0.379347 0.025830 0.107953
4 0.480579 0.859102 0.053249 0.252669
4 0.910409 0.730602 0.179181 0.527832
7 0.824901 0.338050 0.105664 0.124628
