2 0.100330 0.412300 0.069790 0.094493
4 0.767359 0.518030 0.039359 0.114636
6 0.811257 0.689366 0.041835 0.171580
4 0.566363 0.565310 0.048301 0.126755
4 0.629161 0.386852 0.027570 0.085939
6 0.277875 0.348238 0.019083 0.092567
4 0.481465 0.409610 0.032302 0.091529
4 0.781990 0.408266 0.022106 0.089993
4 0.349925 0.374917 0.023874 0.086566
4 0.167745 0.437735 0.031786 0.079456
3 0.149563 0.398887 0.024093 0.093187
4 0.407178 0.336254 0.016542 0.061059
4 0.388339 0.335702 0.025274 0.065761
4 0.488970 0.352865 0.028581 0.066261