4 0.740948 0.346995 0.065526 0.108085
4 0.055395 0.320446 0.051894 0.131614
2 0.256568 0.187946 0.073600 0.100102
4 0.507317 0.427934 0.061355 0.146008
4 0.519551 0.514453 0.062145 0.170089
4 0.537409 0.332215 0.043741 0.121365
6 0.118849 0.325697 0.031112 0.166138
4 0.254541 0.264078 0.042551 0.109654
4 0.485705 0.265356 0.046908 0.090862
4 0.984305 0.611049 0.031391 0.201455
3 0.268695 0.200751 0.033914 0.103998
4 0.803190 0.896688 0.082561 0.195590
4 0.324139 0.490548 0.049788 0.182514
5 0.169008 0.689832 0.016004 0.016800
5 0.950440 0.700300 0.016311 0.022182
5 0.832993 0.449515 0.016973 0.014800