2 0.071047 0.411708 0.082128 0.113325
4 0.343571 0.426400 0.054164 0.092034
4 0.757266 0.569003 0.045893 0.138569
4 0.732599 0.388491 0.031185 0.088150
4 0.518879 0.380038 0.032340 0.085081
4 0.487004 0.357774 0.028910 0.086302
4 0.638577 0.367799 0.026151 0.093376
4 0.603501 0.377643 0.031214 0.092018
4 0.470645 0.482797 0.038152 0.118152
4 0.382724 0.449249 0.037877 0.101722
4 0.385896 0.373251 0.032671 0.089338
3 0.155833 0.410865 0.044885 0.106382
5 0.453549 0.450071 0.008670 0.013786
0 0.975336 0.740585 0.049237 0.257367