4 0.553852 0.613935 0.074039 0.186181
2 0.144747 0.309571 0.081963 0.111151
4 0.052972 0.371236 0.053914 0.103947
4 0.376529 0.477718 0.044416 0.150636
4 0.845915 0.337827 0.042161 0.123378
4 0.337340 0.306460 0.036347 0.104225
4 0.460017 0.302920 0.032682 0.102618
4 0.691865 0.319474 0.038365 0.106941
6 0.484701 0.252587 0.018327 0.109147
3 0.151105 0.313174 0.045453 0.092130
6 0.569732 0.848113 0.059622 0.286867
6 0.579538 0.849234 0.085034 0.289521
6 0.570057 0.849316 0.125834 0.291710
4 0.057967 0.307795 0.033781 0.098975
5 0.320564 0.524008 0.011963 0.010899
5 0.777772 0.580085 0.016964 0.013966