2 0.653447 0.323968 0.068574 0.088472
4 0.025055 0.430366 0.046644 0.139879
6 0.452623 0.272892 0.021573 0.093829
4 0.527925 0.344076 0.035078 0.072465
4 0.216501 0.375855 0.032302 0.115210
4 0.580302 0.328550 0.025297 0.073984
3 0.648589 0.335221 0.045348 0.066444
4 0.801944 0.401865 0.033488 0.092892
4 0.804687 0.364629 0.029869 0.097544
4 0.566048 0.395788 0.031799 0.083825
4 0.587744 0.407124 0.031462 0.087189
4 0.203650 0.951745 0.075231 0.095010
4 0.251595 0.934701 0.058286 0.126196
4 0.618007 0.565235 0.064571 0.206029