2 0.190136 0.254346 0.080929 0.112638
4 0.893516 0.381198 0.044175 0.155797
4 0.259251 0.469995 0.044099 0.185090
6 0.488983 0.165239 0.022403 0.107702
3 0.265821 0.256297 0.046428 0.086076
4 0.327053 0.208240 0.028898 0.077267
4 0.396882 0.349692 0.031707 0.127601
4 0.631723 0.290306 0.027970 0.121963
4 0.405921 0.269648 0.029632 0.100911
4 0.464981 0.226962 0.034896 0.083132
4 0.361784 0.276680 0.033476 0.106436
4 0.359925 0.230387 0.029887 0.101763
4 0.247145 0.467569 0.067822 0.183355
5 0.812548 0.526205 0.018229 0.013486