2 0.489156 0.426556 0.062606 0.080145
6 0.587224 0.422039 0.022333 0.091627
4 0.401904 0.446033 0.027913 0.088878
4 0.497148 0.541962 0.031032 0.120426
4 0.549025 0.488364 0.027033 0.111604
4 0.607577 0.469155 0.023890 0.103029
4 0.373420 0.401132 0.020982 0.084022
4 0.426168 0.415186 0.020531 0.083547
4 0.253139 0.448025 0.027670 0.085523
4 0.664448 0.470682 0.022778 0.100802
3 0.477024 0.424758 0.024363 0.082929
4 0.257046 0.392510 0.024534 0.078075
4 0.649838 0.469531 0.020043 0.098277
5 0.348713 0.466438 0.008488 0.013609
7 0.489156 0.426556 0.112691 0.120217
