2 0.170589 0.389779 0.072642 0.101050
4 0.757334 0.371103 0.029625 0.097809
4 0.700572 0.351903 0.028101 0.088251
4 0.558135 0.368492 0.031764 0.098262
4 0.281531 0.397373 0.028870 0.104474
4 0.846445 0.520064 0.039521 0.127950
4 0.534840 0.499780 0.035494 0.131082
6 0.089035 0.399077 0.027514 0.106491
3 0.229547 0.379308 0.042526 0.098797
4 0.360769 0.372368 0.024506 0.091675
4 0.326674 0.346454 0.024457 0.093830
4 0.459153 0.324696 0.027414 0.071291
4 0.429341 0.329111 0.045754 0.070773
4 0.420387 0.329783 0.027631 0.071874
6 0.326589 0.345656 0.024778 0.094351
5 0.748472 0.628900 0.016442 0.014685