4 0.962390 0.492032 0.042591 0.136201
4 0.186484 0.384039 0.031574 0.100052
4 0.822478 0.379092 0.030542 0.093093
4 0.778933 0.350654 0.029050 0.094668
4 0.758657 0.618546 0.051402 0.131947
4 0.254038 0.483252 0.046654 0.127666
4 0.443803 0.294890 0.025894 0.081914
4 0.230284 0.539483 0.050408 0.134417
6 0.850254 0.281787 0.020537 0.081824
4 0.332560 0.335326 0.027948 0.083291
4 0.781948 0.758771 0.049512 0.201344
4 0.095805 0.884514 0.190903 0.223659
4 0.984474 0.472145 0.030981 0.104649
5 0.548556 0.324971 0.018727 0.013096