2 0.284888 0.314049 0.061728 0.087170
4 0.681163 0.466725 0.036131 0.139623
6 0.828862 0.843112 0.051123 0.286944
4 0.379318 0.317220 0.026871 0.080663
4 0.529046 0.437686 0.033220 0.141976
4 0.422118 0.308548 0.032450 0.078338
4 0.329100 0.344534 0.023585 0.093826
4 0.775672 0.343206 0.026348 0.090854
6 0.427978 0.261206 0.018365 0.080800
4 0.478062 0.331700 0.025092 0.059402
4 0.539622 0.290097 0.021703 0.079074
4 0.364527 0.299059 0.020892 0.092793
4 0.777296 0.919062 0.059555 0.153968
7 0.284888 0.314049 0.111110 0.130755
