2 0.165191 0.360948 0.068224 0.099498
6 0.317015 0.292423 0.017758 0.079528
4 0.383864 0.342074 0.041711 0.065036
4 0.434677 0.335577 0.029279 0.074570
4 0.232770 0.404237 0.028883 0.092167
4 0.323812 0.461561 0.031726 0.112210
4 0.516266 0.383061 0.029640 0.098847
6 0.698477 0.883544 0.059151 0.214523
4 0.289533 0.399424 0.030615 0.088357
4 0.566534 0.472308 0.035877 0.125618
3 0.219906 0.351924 0.028882 0.084334
4 0.721849 0.381584 0.037606 0.100277
4 0.565135 0.362393 0.029603 0.084904
6 0.721984 0.381955 0.037387 0.099909
1 0.963295 0.661261 0.072583 0.232952