4 0.199977 0.220850 0.048472 0.138427
4 0.479838 0.570919 0.059027 0.209659
4 0.677582 0.480861 0.062073 0.202533
2 0.281081 0.146327 0.081737 0.116165
4 0.417447 0.456293 0.050281 0.182855
4 0.287927 0.431164 0.049020 0.183169
6 0.158811 0.288740 0.034140 0.173787
4 0.311493 0.286757 0.035703 0.160267
4 0.813509 0.350321 0.045111 0.197275
4 0.500750 0.214532 0.030065 0.143508
6 0.285926 0.154745 0.040582 0.119160
3 0.286763 0.152587 0.044177 0.118647
4 0.554928 0.489948 0.043112 0.218030
4 0.284519 0.339417 0.039283 0.124272
6 0.555135 0.490189 0.043038 0.218152