2 0.194525 0.392895 0.071545 0.102687
4 0.735739 0.477095 0.034213 0.115160
4 0.510384 0.406919 0.047710 0.075583
4 0.342001 0.421551 0.033067 0.091895
4 0.722268 0.401717 0.029836 0.081970
4 0.394281 0.360363 0.023867 0.070080
3 0.272526 0.393180 0.034202 0.093954
4 0.575578 0.353487 0.026848 0.073290
4 0.365541 0.454177 0.032751 0.102484
4 0.497382 0.354547 0.022756 0.095234
4 0.378861 0.442479 0.023961 0.100067
6 0.434703 0.835606 0.066907 0.204170
6 0.575610 0.353833 0.026807 0.074663
4 0.370668 0.446031 0.040589 0.097897
5 0.713653 0.444540 0.008702 0.013016