4 0.670624 0.488657 0.092232 0.244765
2 0.294754 0.130169 0.102410 0.129360
4 0.425163 0.242771 0.051674 0.130679
4 0.294110 0.299280 0.045711 0.146536
4 0.526850 0.280300 0.061571 0.150126
6 0.191420 0.301703 0.044915 0.202467
4 0.225249 0.287932 0.061722 0.149053
3 0.297169 0.172188 0.057307 0.110666
4 0.558488 0.220844 0.045072 0.133470
4 0.372171 0.193736 0.047321 0.114088
4 0.547737 0.170432 0.039712 0.118291
4 0.024512 0.398511 0.048853 0.215939
4 0.591124 0.884960 0.147495 0.230080
4 0.569817 0.875191 0.098913 0.247581
4 0.559455 0.172963 0.074477 0.122402
5 0.137473 0.801378 0.020425 0.022636