2 0.673339 0.262860 0.066180 0.095270
6 0.468226 0.199898 0.021730 0.085828
4 0.216796 0.662802 0.054128 0.208243
4 0.333206 0.295597 0.030034 0.111472
4 0.661736 0.290978 0.023579 0.099269
4 0.577606 0.242305 0.028013 0.081888
4 0.479863 0.339245 0.032433 0.109451
4 0.559989 0.264755 0.028633 0.074616
4 0.510590 0.330816 0.032299 0.106918
4 0.451072 0.342192 0.033119 0.108898
6 0.120127 0.734239 0.066849 0.219854
4 0.611273 0.292005 0.024378 0.088036
5 0.967326 0.793873 0.013778 0.016582
3 0.630821 0.256783 0.029075 0.088507
3 0.633114 0.259735 0.038788 0.080310
7 0.673339 0.262860 0.119124 0.142905
