4 0.453913 0.452811 0.040084 0.141576
4 0.569602 0.605604 0.048312 0.177441
2 0.280842 0.326763 0.073237 0.104818
4 0.812689 0.344280 0.027777 0.114831
4 0.341679 0.375729 0.035297 0.092175
4 0.396875 0.431229 0.034708 0.133925
4 0.357836 0.343518 0.028741 0.091716
4 0.598922 0.323536 0.027388 0.087782
4 0.198331 0.325207 0.047698 0.102483
3 0.283590 0.347994 0.053410 0.060594
4 0.167210 0.337782 0.026245 0.078365
5 0.230362 0.351730 0.007534 0.011699
5 0.109418 0.785096 0.030957 0.031877
7 0.280842 0.326763 0.131827 0.157227
