2 0.093435 0.260738 0.076296 0.102686
4 0.223584 0.372583 0.041862 0.134526
6 0.442106 0.213698 0.021563 0.094683
4 0.496801 0.206089 0.024561 0.079910
4 0.671335 0.290566 0.031922 0.122563
4 0.392635 0.239315 0.034017 0.074227
4 0.428377 0.245129 0.027535 0.069364
4 0.267352 0.297550 0.032662 0.109676
4 0.309261 0.272055 0.039244 0.096003
4 0.204738 0.316068 0.036201 0.094804
4 0.337728 0.279006 0.029321 0.096595
4 0.326860 0.208009 0.028852 0.066895
3 0.175794 0.256656 0.032677 0.088390
6 0.427547 0.712179 0.045758 0.224469
4 0.631398 0.896262 0.219841 0.189688
6 0.443606 0.714008 0.077696 0.226729