2 0.227815 0.283317 0.069534 0.101140
4 0.875047 0.529657 0.043533 0.173748
4 0.750999 0.281171 0.033852 0.082723
3 0.279697 0.278564 0.027758 0.092544
6 0.393442 0.212878 0.019942 0.091824
4 0.778352 0.263738 0.030641 0.095522
4 0.738509 0.412278 0.044280 0.124388
4 0.433807 0.299286 0.031217 0.106854
4 0.336228 0.336316 0.036965 0.112099
4 0.549599 0.277828 0.032236 0.087447
6 0.605311 0.765181 0.048250 0.251611
4 0.300385 0.329169 0.024709 0.112573
4 0.590439 0.236131 0.037443 0.063976
5 0.058702 0.739746 0.019324 0.024059
4 0.695901 0.897620 0.070888 0.152307
5 0.142798 0.778366 0.013378 0.016834
6 0.592133 0.766540 0.073204 0.254335
5 0.115974 0.771811 0.020564 0.019772