4 0.228971 0.623614 0.038395 0.140830
4 0.386816 0.427458 0.027398 0.086362
4 0.461603 0.367937 0.018835 0.068773
2 0.534147 0.364527 0.054109 0.073355
4 0.426692 0.385211 0.027197 0.080028
4 0.559569 0.398315 0.017349 0.077299
4 0.407239 0.367558 0.019206 0.070806
4 0.601985 0.447346 0.024549 0.092140
4 0.506472 0.380835 0.023553 0.066456
4 0.479681 0.377846 0.017760 0.076632
5 0.579043 0.473330 0.006640 0.011109
4 0.587937 0.416701 0.022073 0.094796
3 0.506140 0.380487 0.023601 0.065724
7 0.534147 0.364527 0.097396 0.110033
