6 0.939179 0.909965 0.067905 0.176792
6 0.231952 0.386545 0.024709 0.065635
2 0.093023 0.442221 0.064978 0.095617
4 0.528758 0.403676 0.031526 0.061864
4 0.737938 0.502094 0.038817 0.103883
4 0.488881 0.483185 0.037133 0.072320
4 0.455288 0.452619 0.040625 0.066186
4 0.588037 0.518804 0.035215 0.092356
4 0.689944 0.431166 0.025330 0.074792
4 0.769705 0.440321 0.030748 0.073636
4 0.580684 0.415508 0.028039 0.060301
4 0.416138 0.386603 0.025584 0.052304
3 0.163585 0.440956 0.030219 0.080495
4 0.111946 0.473263 0.029284 0.076684
3 0.566449 0.941345 0.063912 0.115888
6 0.644630 0.957325 0.045699 0.082319
4 0.453762 0.918748 0.052419 0.151430
7 0.093023 0.442221 0.116960 0.143425
