4 0.179299 0.502359 0.041761 0.135504
4 0.421403 0.513389 0.053064 0.124092
4 0.464148 0.323189 0.032836 0.078594
6 0.929318 0.308194 0.020378 0.093939
4 0.436693 0.343174 0.025937 0.076456
6 0.481631 0.804232 0.068237 0.229747
4 0.864036 0.366764 0.024730 0.092264
4 0.625699 0.314558 0.026439 0.094195
4 0.604263 0.297273 0.018548 0.069306
4 0.289061 0.345080 0.022681 0.088064
4 0.573524 0.308675 0.023567 0.068192
3 0.970724 0.354123 0.030756 0.096736
4 0.970669 0.354513 0.030597 0.096402
4 0.977244 0.684336 0.045178 0.190619