2 0.026747 0.395235 0.053228 0.084036
3 0.079893 0.397263 0.030937 0.069143
4 0.818426 0.573691 0.032574 0.117514
4 0.457679 0.368908 0.030313 0.063120
4 0.299536 0.395517 0.025680 0.073662
4 0.497441 0.411029 0.028342 0.085280
4 0.549034 0.367274 0.018805 0.065268
4 0.211514 0.438219 0.041435 0.073552
4 0.419563 0.390683 0.019582 0.072815
4 0.197277 0.389045 0.028653 0.070017
4 0.233338 0.374596 0.017691 0.071556
4 0.026095 0.574543 0.035542 0.141923
6 0.025810 0.573793 0.035023 0.142352
7 0.047905 0.395235 0.095810 0.126054
