2 0.065054 0.419490 0.069834 0.104310
4 0.744323 0.484171 0.034483 0.089543
4 0.216165 0.440990 0.031070 0.095838
4 0.637882 0.410064 0.030393 0.078190
4 0.356951 0.405786 0.030322 0.079306
4 0.507394 0.387645 0.023536 0.082459
4 0.463263 0.455967 0.026373 0.083834
3 0.142451 0.414922 0.034108 0.086214
4 0.588409 0.436260 0.033705 0.086109
4 0.558856 0.938144 0.118686 0.121046
4 0.604655 0.386921 0.024412 0.068244
4 0.431147 0.395747 0.023415 0.072221
3 0.557996 0.934270 0.119485 0.128240
4 0.419026 0.383143 0.028530 0.071877
4 0.427335 0.387574 0.044684 0.080481