2 0.202664 0.395210 0.068016 0.094156
6 0.504761 0.354643 0.021280 0.092741
4 0.329004 0.405427 0.024760 0.100110
4 0.296246 0.431334 0.030053 0.115037
4 0.357663 0.348971 0.022899 0.080134
4 0.725327 0.459451 0.027778 0.115349
4 0.599685 0.355753 0.022848 0.072401
4 0.544571 0.386071 0.024708 0.090159
4 0.382223 0.401551 0.023626 0.092291
4 0.468197 0.367491 0.029829 0.088257
4 0.680658 0.379028 0.025163 0.094315
4 0.414509 0.423479 0.027341 0.096774
3 0.268440 0.384963 0.024972 0.094111
6 0.464533 0.820867 0.056780 0.189787
4 0.658821 0.940279 0.128873 0.108671
4 0.639300 0.936471 0.174851 0.116577