2 0.050684 0.124781 0.079577 0.112635
4 0.458101 0.330892 0.036033 0.173511
4 0.125313 0.377728 0.054911 0.152828
4 0.268479 0.261473 0.037098 0.155618
4 0.236292 0.294642 0.041106 0.165237
6 0.814647 0.127954 0.025055 0.117595
4 0.324185 0.179291 0.033187 0.141479
4 0.180035 0.165592 0.032033 0.130412
3 0.058999 0.120751 0.040501 0.116205
4 0.259143 0.152616 0.031120 0.100657
5 0.313206 0.895873 0.013202 0.017366
4 0.584593 0.839162 0.102194 0.292134
4 0.703683 0.876915 0.090224 0.234278
1 0.963705 0.450082 0.072289 0.262956