2 0.168666 0.328159 0.066429 0.097660
4 0.687351 0.386824 0.031730 0.109291
6 0.468007 0.286456 0.021595 0.090717
4 0.289538 0.380868 0.036117 0.113640
4 0.343691 0.332360 0.021535 0.092249
4 0.374252 0.354338 0.025375 0.092891
4 0.572025 0.289420 0.022217 0.067631
4 0.535233 0.318308 0.019366 0.086532
4 0.419057 0.301694 0.019601 0.087406
4 0.320105 0.283335 0.024954 0.076178
6 0.425834 0.731764 0.054679 0.177999
4 0.617356 0.314707 0.021002 0.087734
4 0.233424 0.321031 0.026574 0.097773
5 0.025377 0.756036 0.017510 0.016416
4 0.289379 0.319392 0.022206 0.056161
5 0.023657 0.754255 0.021727 0.019720
4 0.658708 0.889674 0.118750 0.189186
5 0.068775 0.773806 0.022057 0.017801