4 0.454838 0.425447 0.069328 0.201151
2 0.185354 0.194912 0.080739 0.112702
4 0.894551 0.339163 0.046859 0.157876
3 0.253857 0.196838 0.039425 0.104080
4 0.713965 0.247072 0.037066 0.135578
4 0.332554 0.211430 0.031047 0.119156
4 0.462192 0.198367 0.029496 0.121443
4 0.378779 0.230464 0.031672 0.131042
4 0.573067 0.229612 0.036401 0.114749
4 0.517419 0.227898 0.034665 0.111803
4 0.486375 0.188123 0.027411 0.106781
4 0.395344 0.608427 0.070842 0.267282
4 0.828075 0.935030 0.082235 0.126898
6 0.486104 0.188873 0.027851 0.107086
4 0.398716 0.658081 0.079287 0.367315
5 0.560014 0.503640 0.010681 0.018482
4 0.739299 0.917581 0.077554 0.157606
5 0.820403 0.474530 0.017900 0.013638