2 0.201334 0.344465 0.069858 0.095405
4 0.333444 0.498061 0.043135 0.144446
4 0.291239 0.334524 0.026197 0.086893
4 0.731154 0.407468 0.031400 0.103427
4 0.395349 0.386667 0.029045 0.112304
4 0.539310 0.332181 0.032785 0.095072
4 0.342269 0.391621 0.033871 0.111655
4 0.742116 0.939113 0.085590 0.120222
6 0.525004 0.299198 0.023110 0.094395
4 0.745961 0.318511 0.024278 0.096135
4 0.300017 0.478109 0.032499 0.126490
4 0.603015 0.288049 0.019666 0.085697
6 0.563974 0.786248 0.054318 0.225632
4 0.408296 0.327605 0.023013 0.097757
4 0.421412 0.322584 0.022681 0.098300
4 0.414863 0.325145 0.034850 0.099741
3 0.645407 0.918550 0.070055 0.153305