4 0.114354 0.440423 0.045558 0.119788
4 0.328450 0.534983 0.058388 0.115071
3 0.245189 0.351520 0.038613 0.095023
4 0.878671 0.565871 0.048900 0.132824
4 0.350482 0.412053 0.057766 0.094975
4 0.419952 0.412920 0.040891 0.093148
4 0.183513 0.450769 0.040350 0.107934
6 0.472155 0.275436 0.018717 0.077551
4 0.464399 0.647750 0.059364 0.125853
2 0.219137 0.345956 0.067497 0.089887
4 0.337660 0.374186 0.032986 0.088268
5 0.300057 0.471635 0.010476 0.015692
6 0.740486 0.947182 0.065322 0.103546
1 0.978796 0.647545 0.041241 0.218637
7 0.219137 0.345956 0.121495 0.134830
