2 0.206487 0.356366 0.061852 0.087954
4 0.381941 0.400692 0.031727 0.103383
4 0.628243 0.467623 0.040025 0.099926
4 0.341189 0.363142 0.023037 0.093744
4 0.837109 0.488190 0.033903 0.116215
6 0.098972 0.411201 0.026336 0.105135
4 0.853044 0.383268 0.027509 0.082553
4 0.425769 0.343209 0.025362 0.076723
4 0.490932 0.358772 0.033535 0.055754
3 0.275040 0.352182 0.028566 0.081412
4 0.539146 0.344220 0.026532 0.068317
4 0.508376 0.315906 0.018819 0.061528
4 0.706634 0.356451 0.032190 0.065092
5 0.059565 0.751623 0.025575 0.024659
4 0.588754 0.851989 0.052555 0.147701
5 0.062321 0.755022 0.029568 0.023071
5 0.555696 0.334951 0.008004 0.013976
5 0.094546 0.763653 0.016535 0.019795
5 0.022137 0.732831 0.017115 0.022437
7 0.206487 0.356366 0.111334 0.131931
