2 0.106034 0.394224 0.083858 0.113525
6 0.602684 0.875911 0.055005 0.241699
4 0.323660 0.411493 0.034104 0.104093
4 0.230370 0.422657 0.033806 0.108759
4 0.506321 0.325959 0.037757 0.082415
4 0.610913 0.516465 0.052754 0.143208
3 0.192564 0.385710 0.047081 0.101506
4 0.436052 0.365150 0.033535 0.101756
4 0.463024 0.374517 0.030240 0.093483
4 0.747595 0.373994 0.026694 0.100695
6 0.479775 0.347245 0.021221 0.103417
4 0.580086 0.349525 0.037159 0.088295
4 0.359919 0.431076 0.034652 0.092468
4 0.364429 0.397375 0.041506 0.091498