6 0.867833 0.488525 0.039092 0.142272
4 0.234500 0.249984 0.029080 0.074437
6 0.316307 0.196561 0.015477 0.066516
4 0.608043 0.532632 0.045298 0.115074
4 0.505544 0.232807 0.020723 0.060728
4 0.331077 0.274478 0.031758 0.071199
4 0.638925 0.241808 0.018391 0.071091
4 0.213008 0.294143 0.022269 0.075801
4 0.550527 0.216592 0.017302 0.063551
6 0.438515 0.192507 0.016016 0.063550
3 0.191223 0.244865 0.017406 0.075008
4 0.392171 0.212723 0.019972 0.056363
2 0.169260 0.250845 0.062261 0.077308
4 0.293392 0.201297 0.015843 0.044939
5 0.046590 0.594476 0.018535 0.022480
4 0.608185 0.754809 0.204267 0.157694