2 0.296177 0.158475 0.079458 0.110983
4 0.439637 0.385131 0.042919 0.157120
4 0.941715 0.841844 0.108594 0.294909
4 0.471825 0.609191 0.085199 0.221284
4 0.561321 0.502308 0.066959 0.208339
4 0.394549 0.294538 0.044824 0.135459
4 0.328828 0.297907 0.035217 0.156798
6 0.160551 0.294215 0.037102 0.172188
4 0.367738 0.230554 0.028181 0.123134
4 0.509541 0.226636 0.033128 0.141090
4 0.831431 0.362748 0.041640 0.195790
4 0.312213 0.213229 0.037396 0.122752
3 0.299099 0.161430 0.034688 0.114588
4 0.372470 0.505501 0.059347 0.196564
1 0.499835 0.198561 0.061165 0.112513