2 0.212541 0.129912 0.066858 0.094972
6 0.086660 0.256682 0.036643 0.152544
4 0.291368 0.309014 0.031900 0.160568
6 0.887582 0.147336 0.030260 0.108291
4 0.389757 0.143552 0.030449 0.107719
3 0.217340 0.130541 0.032177 0.099098
4 0.019088 0.188740 0.032050 0.118520
4 0.549166 0.494750 0.056867 0.183290
4 0.509792 0.208126 0.035421 0.130701
4 0.495054 0.575952 0.048297 0.196012
4 0.296462 0.164694 0.027407 0.118722
4 0.234420 0.243823 0.026729 0.125003
4 0.265198 0.177664 0.033811 0.123829
4 0.256442 0.190399 0.022791 0.103501
5 0.056676 0.561704 0.024720 0.025379
5 0.114386 0.593448 0.018281 0.017259
5 0.588697 0.481332 0.012079 0.017931
5 0.482501 0.279436 0.012492 0.014974