2 0.734148 0.156204 0.080243 0.103944
4 0.498431 0.294754 0.040589 0.152557
4 0.595054 0.308731 0.040003 0.159948
4 0.555197 0.327718 0.035515 0.172441
6 0.833002 0.274176 0.033942 0.163514
4 0.400189 0.292175 0.039890 0.162653
4 0.366464 0.273728 0.032038 0.149212
4 0.527761 0.168859 0.031279 0.123108
4 0.638130 0.202292 0.035494 0.136606
4 0.712461 0.224305 0.031749 0.125384
3 0.723046 0.146088 0.035862 0.120169
4 0.232202 0.895691 0.127040 0.203344
5 0.035404 0.971889 0.014503 0.021038
5 0.035322 0.976648 0.013504 0.030361