4 0.840544 0.265224 0.039796 0.149773
2 0.810967 0.180675 0.085593 0.128287
6 0.902609 0.330489 0.051568 0.148562
4 0.594167 0.276622 0.038201 0.161718
4 0.820904 0.415789 0.047195 0.189089
4 0.933495 0.487327 0.066761 0.191476
4 0.273196 0.383741 0.055213 0.194358
3 0.811918 0.187458 0.046403 0.138100
4 0.699270 0.208661 0.039906 0.145944
4 0.759554 0.228852 0.032794 0.133092
4 0.679277 0.239888 0.037620 0.148800
4 0.752585 0.478780 0.046983 0.222519
4 0.669568 0.189358 0.038360 0.127263
4 0.794189 0.482190 0.047004 0.210147
5 0.045164 0.443838 0.020086 0.015022