2 0.086071 0.186836 0.080428 0.115526
4 0.268845 0.476385 0.051994 0.194988
4 0.211346 0.203804 0.040360 0.107643
4 0.240854 0.400109 0.065764 0.184809
4 0.373235 0.183711 0.031055 0.103621
4 0.671851 0.187449 0.028407 0.126462
3 0.132109 0.183355 0.031555 0.099977
4 0.260280 0.146306 0.029611 0.099285
4 0.781736 0.191173 0.047252 0.112003
4 0.273293 0.187409 0.026738 0.111788
4 0.313312 0.130744 0.031584 0.084159
4 0.292642 0.131646 0.029406 0.068176
6 0.781593 0.192557 0.048282 0.110363
5 0.345302 0.471004 0.011329 0.018940
5 0.648966 0.253093 0.007479 0.010756
5 0.709135 0.438686 0.017359 0.014768