4 0.131911 0.502179 0.061920 0.114022
2 0.916262 0.354396 0.066172 0.091159
6 0.704319 0.314216 0.028784 0.082454
4 0.275591 0.564771 0.043741 0.127836
4 0.387544 0.354740 0.042824 0.074488
4 0.758628 0.504985 0.039474 0.123033
4 0.584995 0.380006 0.026342 0.093096
4 0.819178 0.413043 0.037559 0.082350
3 0.860745 0.352998 0.026240 0.081288
4 0.593019 0.651048 0.052027 0.124202
4 0.473440 0.430996 0.031419 0.098106
4 0.684899 0.368253 0.028940 0.076102
4 0.326179 0.341344 0.022709 0.079103
6 0.140471 0.902382 0.093663 0.192363