4 0.451892 0.387832 0.036749 0.156292
4 0.101761 0.599695 0.057687 0.207956
4 0.622058 0.499582 0.049361 0.171922
4 0.402065 0.303046 0.028646 0.098865
4 0.601575 0.335490 0.048273 0.128213
4 0.620201 0.295960 0.029188 0.106038
4 0.428051 0.403438 0.030287 0.130110
2 0.509552 0.272553 0.063183 0.086417
6 0.656570 0.339131 0.028458 0.141838
4 0.610987 0.339961 0.029227 0.114781
4 0.510642 0.281803 0.047122 0.081922
3 0.511198 0.279302 0.046683 0.083898
4 0.953913 0.686186 0.091833 0.622798
7 0.509552 0.272553 0.113729 0.129626
