4 0.594993 0.611412 0.063686 0.122150
4 0.945515 0.433700 0.042994 0.104307
4 0.659142 0.410172 0.041757 0.090248
4 0.418548 0.314600 0.022368 0.064502
4 0.455091 0.354998 0.022352 0.072105
2 0.366814 0.286036 0.045952 0.058112
3 0.369036 0.287510 0.019750 0.068768
5 0.072825 0.106150 0.010691 0.017653
5 0.487409 0.711910 0.014540 0.016675
5 0.158436 0.116411 0.012010 0.017075
4 0.369797 0.289554 0.019589 0.065544
5 0.618471 0.139090 0.009391 0.016975
4 0.255307 0.450999 0.048861 0.101467
7 0.366814 0.286036 0.082714 0.087168
