2 0.164661 0.426405 0.092770 0.126048
4 0.488050 0.457934 0.042234 0.148317
4 0.545124 0.414636 0.041138 0.101757
6 0.440958 0.880845 0.067751 0.235126
4 0.737201 0.524545 0.054968 0.141592
4 0.322367 0.470689 0.039239 0.138482
4 0.360404 0.437745 0.036294 0.117029
4 0.417194 0.450774 0.038413 0.119741
4 0.639196 0.370541 0.029798 0.102496
3 0.253055 0.425776 0.044239 0.116022
4 0.587403 0.426765 0.043228 0.107738
4 0.681373 0.385431 0.035192 0.090123
4 0.593308 0.386763 0.038422 0.125846
4 0.899499 0.446539 0.032502 0.102990