2 0.116961 0.438474 0.063709 0.090449
4 0.757863 0.470040 0.028812 0.106333
6 0.213003 0.396788 0.020945 0.081669
4 0.567289 0.532664 0.035817 0.104874
4 0.248291 0.436646 0.026425 0.083521
4 0.628310 0.425779 0.024400 0.068051
4 0.630659 0.496768 0.026910 0.084184
4 0.437206 0.393131 0.023483 0.062913
4 0.397687 0.405059 0.023678 0.068931
3 0.161600 0.429782 0.024765 0.089875
4 0.481509 0.392012 0.016799 0.065709
4 0.489570 0.453728 0.025712 0.080266
4 0.661127 0.425123 0.018407 0.074374
5 0.103466 0.230007 0.014010 0.018981
4 0.661213 0.433865 0.015691 0.057667
1 0.385370 0.403780 0.089733 0.022880