4 0.472153 0.340115 0.046103 0.141372
4 0.410003 0.578748 0.048660 0.213880
4 0.588182 0.287019 0.030471 0.112650
4 0.673591 0.227715 0.025976 0.101336
4 0.363498 0.238720 0.038135 0.086436
4 0.538550 0.188530 0.030803 0.062683
6 0.600005 0.732484 0.067902 0.195158
3 0.736733 0.223374 0.024438 0.085575
4 0.587474 0.171449 0.024613 0.065969
4 0.639081 0.186088 0.028815 0.063279
4 0.097457 0.254363 0.133850 0.123293
4 0.610776 0.166377 0.018394 0.078541
5 0.634158 0.273951 0.005737 0.009204
4 0.626743 0.183505 0.051421 0.065346
4 0.053292 0.270199 0.043062 0.090419