4 0.168592 0.391839 0.021296 0.074709
2 0.067277 0.384077 0.058927 0.086337
4 0.271359 0.482322 0.027340 0.112863
4 0.457459 0.523544 0.028885 0.142303
4 0.207441 0.409941 0.026733 0.082430
4 0.879962 0.406388 0.031197 0.077606
4 0.547122 0.406366 0.019794 0.082433
6 0.218780 0.340810 0.017331 0.072915
4 0.375504 0.400118 0.029729 0.067376
4 0.445737 0.367989 0.021872 0.065426
4 0.367562 0.348695 0.021295 0.060603
4 0.123615 0.386109 0.034519 0.061168
4 0.271093 0.327806 0.016983 0.052943
4 0.118664 0.386144 0.023973 0.061067
4 0.267573 0.329527 0.023195 0.052593
2 0.068761 0.377613 0.074306 0.098210
7 0.067277 0.384077 0.106069 0.129505
