4 0.640746 0.437896 0.056069 0.139849
4 0.025818 0.351973 0.041617 0.124772
6 0.479002 0.841073 0.060789 0.308143
4 0.845289 0.325020 0.044676 0.095405
4 0.539084 0.567009 0.038779 0.201255
4 0.729756 0.315639 0.025663 0.104378
4 0.878388 0.345155 0.059725 0.108647
4 0.405454 0.316970 0.030374 0.095038
4 0.649773 0.252304 0.036880 0.087761
4 0.671795 0.394435 0.036224 0.115980
4 0.700978 0.288220 0.033223 0.103416
4 0.467225 0.241785 0.024145 0.103324
4 0.538592 0.233354 0.069239 0.036321
4 0.416501 0.264321 0.029729 0.079986
3 0.700926 0.288583 0.033151 0.101704
6 0.467427 0.242195 0.024295 0.103012