2 0.309940 0.334382 0.070021 0.088780
4 0.271097 0.449991 0.036657 0.121343
4 0.209747 0.525197 0.044933 0.114121
4 0.402368 0.323770 0.030218 0.085622
6 0.575145 0.299791 0.022210 0.105947
4 0.453549 0.282667 0.023519 0.082623
3 0.311136 0.329188 0.032586 0.104853
4 0.986797 0.415261 0.026407 0.112508
4 0.912972 0.377302 0.044857 0.100985
4 0.557273 0.285590 0.029895 0.082266
4 0.525817 0.302822 0.034152 0.075405
4 0.173314 0.377301 0.036517 0.116444
4 0.570247 0.611896 0.094716 0.160328
4 0.545998 0.611959 0.046213 0.158528