2 0.108541 0.435113 0.093233 0.130193
4 0.484782 0.478223 0.040244 0.155567
4 0.357200 0.447760 0.034728 0.137970
6 0.362239 0.889795 0.067856 0.216801
4 0.666424 0.502528 0.041210 0.146155
4 0.533484 0.434613 0.042336 0.120495
4 0.285180 0.470473 0.035843 0.131446
4 0.578309 0.375291 0.027863 0.089202
4 0.856918 0.431650 0.033912 0.119430
3 0.189338 0.422707 0.030628 0.132347
4 0.307854 0.442081 0.039649 0.111392
4 0.687534 0.388403 0.034739 0.105562
4 0.481618 0.421021 0.034954 0.090881
4 0.542604 0.370598 0.054718 0.086504