4 0.341572 0.588759 0.090378 0.205027
2 0.441825 0.234844 0.100418 0.130683
4 0.646258 0.349587 0.059475 0.151730
4 0.535735 0.279534 0.042537 0.150049
4 0.164340 0.495225 0.053894 0.228062
6 0.284734 0.368242 0.041875 0.208016
4 0.708926 0.355310 0.047674 0.183869
4 0.235843 0.447228 0.059368 0.191785
4 0.884481 0.524695 0.060862 0.219243
3 0.450787 0.247884 0.048192 0.136919
4 0.342461 0.386908 0.065363 0.142640
5 0.320619 0.526359 0.013678 0.021245
4 0.388000 0.433462 0.095777 0.139664
4 0.374014 0.423040 0.124425 0.165280
5 0.122901 0.864088 0.015710 0.019535