4 0.736221 0.317413 0.049603 0.111100
4 0.344810 0.339002 0.055772 0.125456
4 0.325205 0.554491 0.078999 0.150994
2 0.899074 0.301837 0.095841 0.135659
4 0.469809 0.448813 0.048229 0.137408
4 0.604781 0.275140 0.046901 0.129051
4 0.665086 0.352564 0.037211 0.102103
3 0.812095 0.309114 0.032917 0.104507
4 0.652918 0.289737 0.033599 0.096069
4 0.251233 0.313034 0.042847 0.096878
5 0.876957 0.889431 0.015390 0.018858
5 0.189822 0.362883 0.014804 0.017442
4 0.704153 0.239086 0.081478 0.046969
5 0.241752 0.617258 0.014043 0.017562
4 0.811588 0.299542 0.033726 0.120783
7 0.899074 0.301837 0.172514 0.203489
