2 0.048672 0.368550 0.075151 0.101892
4 0.911265 0.567937 0.044721 0.176178
4 0.315178 0.384106 0.029056 0.087731
6 0.299550 0.862324 0.052173 0.223838
4 0.553524 0.478285 0.034010 0.125520
4 0.693184 0.354080 0.029971 0.067310
4 0.411812 0.319113 0.026833 0.062978
4 0.463539 0.349867 0.021915 0.075183
6 0.314863 0.313568 0.020381 0.088969
4 0.551082 0.338535 0.035248 0.076968
4 0.573842 0.340918 0.027243 0.074528
4 0.876167 0.389911 0.031088 0.099381
4 0.114416 0.388518 0.025053 0.089031
7 0.067636 0.368550 0.135272 0.152838
