4 0.417144 0.376337 0.035178 0.093739
4 0.525778 0.387793 0.029255 0.110281
4 0.473075 0.372826 0.038105 0.081065
4 0.744504 0.471282 0.042871 0.123237
4 0.584598 0.323341 0.029072 0.075346
4 0.047049 0.411725 0.035609 0.101072
4 0.723321 0.328163 0.026022 0.087829
2 0.649699 0.326350 0.072947 0.091627
4 0.812791 0.350367 0.026713 0.114487
4 0.833934 0.340642 0.040271 0.081247
4 0.635412 0.339394 0.040795 0.052860
4 0.828878 0.347534 0.051892 0.098200
5 0.805449 0.606365 0.011194 0.018461
7 0.649699 0.326350 0.131305 0.137440
