4 0.420998 0.311857 0.029522 0.109528
4 0.772384 0.356736 0.028149 0.131218
4 0.657295 0.275042 0.027583 0.102265
4 0.082373 0.341578 0.033127 0.110616
6 0.362199 0.852226 0.062992 0.264407
4 0.703914 0.310043 0.043850 0.105293
4 0.374027 0.240727 0.022781 0.071490
6 0.345312 0.202699 0.017517 0.085138
4 0.694920 0.249594 0.056217 0.082468
2 0.695010 0.248261 0.056417 0.078434
6 0.701636 0.558957 0.042519 0.185385
4 0.561574 0.196204 0.058766 0.032280
6 0.267428 0.231949 0.032749 0.031531
4 0.854484 0.243985 0.036318 0.081846