4 0.617764 0.466467 0.029647 0.068163
2 0.160376 0.456056 0.060121 0.076647
4 0.442467 0.488084 0.023783 0.065881
4 0.502894 0.439553 0.022516 0.062165
4 0.555698 0.453616 0.025787 0.060944
3 0.185012 0.454609 0.018851 0.071348
6 0.057842 0.531426 0.027685 0.102817
4 0.538393 0.485826 0.028089 0.070460
4 0.672263 0.489842 0.026217 0.068073
4 0.365431 0.485992 0.022156 0.073725
4 0.650680 0.477200 0.029750 0.049849
4 0.752375 0.494404 0.031026 0.081727
5 0.147796 0.286081 0.011454 0.017866
7 0.160376 0.456056 0.108218 0.114971
