4 0.515345 0.481792 0.022898 0.097253
4 0.901635 0.491725 0.026739 0.092594
4 0.382548 0.475503 0.025588 0.110382
4 0.780654 0.499342 0.024790 0.095660
4 0.678037 0.488818 0.026283 0.099145
4 0.258717 0.430928 0.016583 0.078318
4 0.333201 0.461855 0.025481 0.082957
6 0.813922 0.425328 0.021119 0.083012
6 0.151327 0.508312 0.028746 0.116047
2 0.228711 0.416206 0.058453 0.093590
4 0.992546 0.475719 0.014907 0.092838
4 0.171300 0.451772 0.019072 0.098130
4 0.212529 0.425906 0.025309 0.084832
1 0.914311 0.789652 0.171378 0.400654
1 0.914488 0.719364 0.171025 0.262751
3 0.212640 0.428878 0.025278 0.079829