2 0.158612 0.402852 0.082704 0.116668
6 0.373050 0.942239 0.088102 0.115364
4 0.977072 0.468018 0.038095 0.143451
4 0.709869 0.484194 0.036874 0.154526
4 0.471683 0.380915 0.033063 0.109769
4 0.725071 0.407140 0.037605 0.101941
4 0.333201 0.414696 0.028291 0.113937
4 0.274815 0.448343 0.034371 0.132908
4 0.438411 0.348548 0.030241 0.079281
4 0.534074 0.402541 0.030983 0.089062
4 0.428248 0.443431 0.033969 0.104210
4 0.534549 0.362140 0.031075 0.097383
4 0.271731 0.394494 0.031412 0.083777
6 0.427922 0.443560 0.033811 0.102632
5 0.518611 0.400618 0.007481 0.010229