2 0.171158 0.422681 0.091889 0.124469
6 0.443139 0.857908 0.069065 0.282318
4 0.311827 0.478232 0.043004 0.136235
4 0.759187 0.532855 0.054373 0.141998
4 0.444982 0.446628 0.057985 0.120243
4 0.356591 0.429380 0.039425 0.117856
4 0.490082 0.456113 0.040302 0.135102
3 0.262175 0.421871 0.044157 0.113573
4 0.673161 0.384041 0.039638 0.084789
4 0.642376 0.373050 0.028108 0.091373
4 0.558631 0.416417 0.038760 0.096889
4 0.848814 0.425619 0.037806 0.122924
4 0.591766 0.424372 0.047986 0.093586
4 0.599932 0.392610 0.036109 0.117227