4 0.469929 0.367903 0.054819 0.190268
2 0.459116 0.113945 0.064029 0.085396
4 0.745300 0.210415 0.039918 0.131745
6 0.543674 0.589633 0.059584 0.198425
4 0.975745 0.120163 0.029814 0.108163
4 0.350137 0.236242 0.035242 0.114752
4 0.407230 0.152159 0.037677 0.098934
4 0.554062 0.176995 0.036700 0.116654
4 0.316105 0.189868 0.042342 0.111736
3 0.458324 0.112144 0.031929 0.091207
4 0.537887 0.156785 0.033870 0.112726
5 0.259905 0.744181 0.013501 0.021442
4 0.423697 0.082305 0.063155 0.079718
7 0.459116 0.113945 0.115252 0.128094
