4 0.122150 0.351047 0.029895 0.087098
4 0.422127 0.432422 0.037490 0.089363
4 0.848659 0.446684 0.042193 0.103964
6 0.815389 0.257732 0.018062 0.062322
4 0.715078 0.370894 0.028056 0.078466
4 0.812922 0.366816 0.031810 0.078973
4 0.766525 0.325666 0.019876 0.065944
4 0.201666 0.476217 0.041194 0.106593
4 0.953452 0.402253 0.036493 0.097368
4 0.415810 0.530053 0.057641 0.096889
5 0.669372 0.305900 0.017178 0.014171
4 0.191105 0.650917 0.055067 0.133145
6 0.191578 0.650917 0.054821 0.133106
1 0.929497 0.263762 0.141007 0.015006