4 0.607055 0.482333 0.066809 0.231159
4 0.532393 0.316254 0.046307 0.172475
4 0.657511 0.243437 0.039888 0.106033
4 0.797705 0.175465 0.037637 0.105212
2 0.748591 0.203257 0.096128 0.112774
4 0.627947 0.170986 0.053572 0.117865
4 0.511963 0.224846 0.049684 0.098195
4 0.421025 0.239947 0.039982 0.133601
4 0.653939 0.155132 0.032389 0.103983
3 0.714068 0.219014 0.057285 0.089997
4 0.554569 0.131867 0.080406 0.043020
4 0.447668 0.138181 0.038496 0.083340
4 0.454970 0.134171 0.021732 0.091086
5 0.761587 0.573908 0.013507 0.013202
5 0.615097 0.284702 0.008771 0.015617
7 0.748591 0.203257 0.173030 0.169161
