4 0.570335 0.559491 0.031987 0.141159
4 0.459324 0.387809 0.028477 0.067063
4 0.640310 0.424178 0.030144 0.082158
4 0.418552 0.357807 0.021140 0.044837
4 0.644329 0.348064 0.016676 0.055688
6 0.160110 0.406735 0.028449 0.085541
4 0.536067 0.366101 0.024394 0.073896
4 0.563358 0.560563 0.029501 0.139608
4 0.516418 0.362490 0.024067 0.054449
2 0.588986 0.355256 0.056448 0.067650
4 0.557826 0.561068 0.016851 0.140223
4 0.576236 0.560661 0.020506 0.143025
4 0.520928 0.336288 0.034130 0.053282
4 0.517149 0.333265 0.026248 0.051137
1 0.371131 0.355940 0.070571 0.015914
3 0.589650 0.355975 0.056313 0.065241
7 0.588986 0.355256 0.101606 0.101475
