2 0.811199 0.373115 0.057894 0.072064
4 0.385808 0.558063 0.041417 0.099816
4 0.258265 0.416334 0.028019 0.086361
4 0.690148 0.336125 0.018059 0.068714
4 0.651601 0.354133 0.026721 0.093179
4 0.733402 0.383064 0.019008 0.081310
4 0.537012 0.445041 0.026633 0.083644
3 0.756989 0.361781 0.021339 0.071517
6 0.651685 0.307359 0.019464 0.062115
4 0.481838 0.343927 0.021329 0.046430
4 0.469647 0.376326 0.023959 0.051175
4 0.537340 0.339907 0.018981 0.058758
5 0.446666 0.387214 0.007157 0.011438
4 0.542756 0.340402 0.029710 0.059255