4 0.551368 0.461908 0.043348 0.139797
2 0.409892 0.297651 0.061163 0.078008
4 0.612783 0.410146 0.040306 0.105075
4 0.691736 0.335022 0.024871 0.080275
4 0.462356 0.311011 0.024276 0.086862
4 0.808812 0.357042 0.026195 0.092170
4 0.541371 0.287442 0.023159 0.078261
4 0.521266 0.334402 0.028369 0.091876
3 0.438534 0.309265 0.025887 0.056400
4 0.904277 0.543073 0.042330 0.158799
4 0.755109 0.335029 0.032742 0.082011
4 0.133300 0.465986 0.266600 0.904832
5 0.771834 0.582331 0.013843 0.016144
4 0.460278 0.362358 0.029280 0.086099
5 0.623980 0.520982 0.009051 0.015332
6 0.904315 0.543001 0.042219 0.158860
7 0.409892 0.297651 0.110093 0.117012
