2 0.184896 0.372340 0.067576 0.085930
6 0.602110 0.574295 0.041229 0.156006
4 0.481677 0.371465 0.035913 0.077528
4 0.335624 0.482446 0.032351 0.124265
4 0.410304 0.353074 0.029013 0.062085
4 0.261233 0.420740 0.037622 0.091452
6 0.717825 0.408016 0.033831 0.101272
4 0.592912 0.392488 0.030029 0.077215
4 0.530782 0.337426 0.028835 0.081398
3 0.228869 0.378067 0.027998 0.060190
4 0.494536 0.333435 0.017827 0.067327
5 0.571753 0.617753 0.012750 0.014056
6 0.509284 0.339890 0.016946 0.090194
4 0.509053 0.339147 0.016516 0.089881
7 0.184896 0.372340 0.121637 0.128895
