2 0.805614 0.402543 0.065222 0.083725
4 0.709158 0.416993 0.029115 0.083792
4 0.461684 0.392437 0.024567 0.074816
4 0.195163 0.480258 0.030355 0.109624
3 0.754145 0.404319 0.028064 0.070598
4 0.553199 0.414904 0.024324 0.081536
6 0.526590 0.354591 0.020255 0.081973
4 0.768510 0.538864 0.031806 0.122707
4 0.644160 0.390476 0.029869 0.092113
4 0.536480 0.396963 0.023711 0.081746
4 0.413099 0.368087 0.041044 0.061635
6 0.408731 0.367415 0.030791 0.064179
0 0.086513 0.867030 0.171578 0.265164
7 0.805614 0.402543 0.117400 0.125587
