4 0.697580 0.374504 0.031157 0.091174
2 0.418947 0.306509 0.056051 0.074900
4 0.529054 0.432347 0.026779 0.118533
6 0.653771 0.263453 0.016008 0.074795
6 0.814477 0.408550 0.029768 0.107044
4 0.493150 0.330849 0.022635 0.087482
4 0.447551 0.322294 0.019107 0.077873
4 0.468139 0.396134 0.041484 0.085088
4 0.169826 0.474120 0.338346 0.854931
6 0.755739 0.538840 0.038372 0.161421
4 0.671691 0.308765 0.019786 0.083016
4 0.525416 0.312969 0.020035 0.062925
4 0.489705 0.283330 0.017420 0.056697
4 0.464881 0.303745 0.020579 0.063015
7 0.418947 0.306509 0.100892 0.112350
