6 0.604827 0.242171 0.016061 0.052184
4 0.659726 0.561134 0.041211 0.145074
4 0.518565 0.353995 0.023027 0.087214
2 0.411078 0.288752 0.046316 0.060597
6 0.786790 0.320387 0.021254 0.074603
4 0.588991 0.303331 0.018252 0.064231
4 0.650296 0.271208 0.025596 0.054195
4 0.479598 0.299127 0.026699 0.066102
4 0.449575 0.288743 0.020079 0.051339
5 0.687286 0.500651 0.012448 0.017473
4 0.522302 0.290600 0.021791 0.056605
4 0.475985 0.261928 0.018005 0.045970
4 0.253638 0.372046 0.022969 0.089536
5 0.267818 0.695369 0.017855 0.025394
4 0.479006 0.286198 0.025257 0.087637
4 0.180594 0.389080 0.357236 0.778160
7 0.411078 0.288752 0.083369 0.090895
