4 0.352155 0.331941 0.029949 0.110563
4 0.626672 0.526174 0.052595 0.157224
2 0.591822 0.223117 0.057861 0.078858
4 0.576596 0.291952 0.040997 0.109053
4 0.677674 0.270037 0.026791 0.084633
4 0.292443 0.343045 0.040016 0.108799
4 0.745626 0.406246 0.037051 0.116917
6 0.724533 0.271932 0.034007 0.102490
5 0.508944 0.263265 0.011912 0.017058
4 0.724514 0.272141 0.034759 0.102826
3 0.594042 0.233554 0.036221 0.071001
2 0.882924 0.380907 0.233128 0.747410
4 0.783963 0.532250 0.432074 0.785773
7 0.591822 0.223117 0.104150 0.118287
