2 0.793559 0.298307 0.070519 0.086535
6 0.088830 0.414040 0.049388 0.152102
6 0.949392 0.430713 0.038909 0.149844
4 0.697108 0.595140 0.045466 0.190065
4 0.618478 0.389688 0.028961 0.123815
4 0.458167 0.389624 0.034085 0.110081
3 0.786241 0.290804 0.027382 0.087119
4 0.520065 0.334991 0.028877 0.108979
4 0.295895 0.329837 0.029484 0.101348
4 0.355775 0.350595 0.039208 0.117606
0 0.066345 0.823918 0.132507 0.342873
4 0.177801 0.374852 0.033994 0.113209
4 0.290295 0.298569 0.024472 0.090987
5 0.672015 0.449303 0.007243 0.011607
6 0.970464 0.548072 0.036457 0.161146
4 0.970544 0.548537 0.035931 0.161780