4 0.455826 0.475471 0.033143 0.099534
4 0.407961 0.443376 0.027818 0.093546
4 0.228160 0.547767 0.036380 0.134350
6 0.719727 0.349971 0.019768 0.066292
4 0.391510 0.469779 0.029977 0.089512
6 0.071828 0.453539 0.031171 0.110055
6 0.495907 0.342663 0.018956 0.075773
4 0.177504 0.399317 0.025550 0.086546
4 0.596579 0.422983 0.021769 0.094593
6 0.292303 0.355335 0.018690 0.075809
4 0.193163 0.356053 0.030718 0.072144
4 0.234080 0.377392 0.021138 0.084945
5 0.497198 0.505806 0.010224 0.014152
4 0.936415 0.223236 0.126973 0.446472
2 0.202045 0.338408 0.052616 0.068316
4 0.055806 0.732818 0.110864 0.478891
5 0.497257 0.505558 0.012412 0.019596