4 0.274755 0.599876 0.051658 0.184292
4 0.482566 0.480879 0.041651 0.122894
2 0.696053 0.350250 0.073223 0.094429
6 0.981789 0.436710 0.036421 0.127728
4 0.683099 0.382613 0.033102 0.087583
4 0.559249 0.359764 0.027407 0.099558
6 0.538813 0.355542 0.022755 0.099149
4 0.646005 0.374411 0.049512 0.084289
3 0.645763 0.373665 0.050270 0.082739
4 0.425887 0.383303 0.028630 0.097321
4 0.896424 0.735211 0.207153 0.526902
4 0.538771 0.356032 0.023050 0.099794
4 0.426569 0.364145 0.028702 0.139058
4 0.428005 0.331861 0.027901 0.077618
7 0.696053 0.350250 0.131801 0.141644
