2 0.794146 0.410086 0.074514 0.095983
4 0.275992 0.512565 0.034296 0.121489
4 0.629835 0.396436 0.033615 0.078241
4 0.355277 0.394559 0.035710 0.089316
4 0.561695 0.432699 0.030959 0.097235
4 0.593046 0.443612 0.030017 0.103925
4 0.695407 0.442642 0.029017 0.083778
3 0.714887 0.412136 0.027015 0.076952
6 0.501001 0.451630 0.032958 0.105995
1 0.854037 0.644492 0.291778 0.271245
4 0.501269 0.451881 0.033073 0.105704
6 0.453153 0.396169 0.028622 0.105713
4 0.482469 0.417002 0.043031 0.088737
4 0.029212 0.416898 0.058000 0.070731