4 0.571536 0.389343 0.054588 0.103486
2 0.553532 0.264511 0.067988 0.085754
4 0.482264 0.485906 0.055464 0.136081
6 0.697863 0.241322 0.025581 0.096562
4 0.393327 0.647293 0.065701 0.217594
4 0.349798 0.390098 0.038060 0.123813
4 0.333300 0.209416 0.026849 0.080851
4 0.538591 0.361035 0.043855 0.073209
4 0.474600 0.288107 0.034475 0.085420
3 0.542069 0.276093 0.040810 0.075775
4 0.793719 0.526127 0.412180 0.916882
5 0.630738 0.444170 0.012664 0.022807
4 0.497894 0.267298 0.029862 0.109330
4 0.494779 0.280558 0.023760 0.085500