2 0.098879 0.275674 0.078775 0.103365
6 0.855179 0.401403 0.042575 0.136662
4 0.495325 0.215105 0.027150 0.089864
4 0.224279 0.292110 0.022980 0.118794
4 0.571811 0.226718 0.025090 0.089137
4 0.689715 0.270588 0.025809 0.103887
3 0.189312 0.265246 0.031459 0.092745
4 0.404947 0.246241 0.039630 0.116407
4 0.162194 0.337851 0.032506 0.129262
4 0.584019 0.489572 0.048124 0.174127
6 0.690263 0.271041 0.025894 0.103448
0 0.922843 0.811015 0.154315 0.376358
4 0.389778 0.198423 0.029797 0.086685
4 0.448899 0.274942 0.029288 0.080696
4 0.438388 0.239191 0.023178 0.108624
6 0.322350 0.308134 0.029630 0.119688
6 0.449753 0.277708 0.030057 0.076653
4 0.322584 0.307393 0.029794 0.119499