4 0.832515 0.606052 0.042050 0.178708
2 0.725455 0.356484 0.070213 0.086020
4 0.761118 0.571740 0.053584 0.149010
6 0.879887 0.485872 0.032643 0.153623
4 0.459427 0.396630 0.029078 0.112986
4 0.342883 0.358104 0.025634 0.095916
4 0.305803 0.450529 0.035092 0.127258
4 0.141803 0.429668 0.047193 0.117402
4 0.486608 0.451482 0.030773 0.152042
4 0.215607 0.459672 0.038708 0.122164
6 0.138359 0.542612 0.051448 0.167962
4 0.215367 0.383000 0.028329 0.095967
3 0.718713 0.348311 0.029298 0.090052
4 0.126304 0.408005 0.032492 0.079772
4 0.901866 0.592838 0.196115 0.814323
4 0.048360 0.422503 0.030229 0.105326