2 0.517849 0.184786 0.082671 0.105954
4 0.136437 0.635608 0.063015 0.235409
4 0.209753 0.306326 0.036468 0.151165
4 0.085838 0.352393 0.060737 0.143512
4 0.324411 0.211288 0.034728 0.110440
4 0.496218 0.215846 0.043032 0.103797
4 0.447939 0.265138 0.034355 0.141771
4 0.726769 0.261194 0.034052 0.144403
4 0.431942 0.268628 0.038088 0.130535
4 0.787734 0.533284 0.406298 0.918479
4 0.461836 0.211416 0.024408 0.118766
5 0.389629 0.321724 0.009211 0.013539
4 0.449249 0.215108 0.020372 0.112062
4 0.971428 0.549203 0.057143 0.886522
7 0.517849 0.184786 0.148808 0.158931
