6 0.782789 0.419455 0.028642 0.097929
4 0.390974 0.469111 0.025495 0.103329
4 0.070802 0.553544 0.036241 0.123302
4 0.444980 0.494847 0.029516 0.107081
4 0.270288 0.454133 0.029212 0.099521
4 0.589905 0.385990 0.025249 0.075071
4 0.581633 0.468038 0.031528 0.112353
6 0.144733 0.460758 0.032194 0.115133
2 0.165260 0.387755 0.062784 0.079801
4 0.362058 0.429652 0.019979 0.097966
4 0.906155 0.463971 0.028176 0.106137
6 0.435633 0.410386 0.017395 0.088652
4 0.347121 0.413848 0.023544 0.093578
5 0.519809 0.595509 0.013681 0.014793
4 0.073631 0.843110 0.147263 0.313780
6 0.462483 0.429008 0.021111 0.089457
4 0.681280 0.397978 0.021538 0.085363
4 0.462206 0.428734 0.020370 0.089612