6 0.923509 0.631161 0.050286 0.178224
4 0.814740 0.457361 0.041163 0.099307
4 0.613596 0.393621 0.031305 0.082154
2 0.491510 0.382757 0.068023 0.080822
3 0.509787 0.386460 0.041463 0.072286
4 0.688514 0.460965 0.044154 0.103626
4 0.414565 0.406212 0.024919 0.090536
4 0.581253 0.399526 0.035522 0.089702
4 0.639984 0.450431 0.028509 0.114316
4 0.173322 0.549684 0.346644 0.880724
4 0.449480 0.434752 0.026359 0.097441
6 0.772116 0.345981 0.025833 0.126022
4 0.586377 0.351385 0.024377 0.062396
5 0.927593 0.747229 0.016162 0.016987
4 0.923627 0.631393 0.051497 0.179134
7 0.491510 0.382757 0.122441 0.121233
