4 0.730525 0.473683 0.028831 0.075906
6 0.252795 0.402490 0.018524 0.079330
4 0.314147 0.490358 0.027876 0.075661
4 0.669116 0.376684 0.018179 0.058900
4 0.596202 0.372285 0.022531 0.065481
3 0.820221 0.398894 0.031305 0.052860
4 0.238306 0.468090 0.029759 0.090289
4 0.418863 0.411717 0.024220 0.077056
4 0.663136 0.493293 0.033224 0.094091
2 0.863622 0.395152 0.057986 0.067806
4 0.522417 0.385838 0.025904 0.079788
4 0.500430 0.429275 0.027560 0.072058
2 0.850644 0.395555 0.083410 0.066019
6 0.662876 0.493329 0.033775 0.094235
4 0.513396 0.394903 0.017727 0.058727