2 0.725342 0.386715 0.056588 0.074421
6 0.947553 0.527892 0.032117 0.129243
3 0.674827 0.394198 0.025090 0.063517
4 0.361322 0.475429 0.034904 0.091618
4 0.562116 0.440839 0.026650 0.079590
4 0.631519 0.386368 0.021821 0.069115
4 0.446528 0.385472 0.026350 0.065170
4 0.786797 0.416727 0.026926 0.079737
4 0.601117 0.518135 0.032456 0.091312
4 0.398592 0.403877 0.023724 0.081646
4 0.506596 0.397350 0.020782 0.069478
4 0.124391 0.542096 0.035315 0.100304
5 0.289614 0.623973 0.014388 0.024611
4 0.942523 0.732399 0.114955 0.534102
7 0.725342 0.386715 0.101858 0.111631
