4 0.770655 0.520253 0.048673 0.163992
2 0.853142 0.224314 0.070200 0.082761
4 0.337905 0.551746 0.052736 0.186908
4 0.660336 0.241084 0.039510 0.082213
6 0.145126 0.257739 0.026165 0.107752
4 0.387504 0.294085 0.027891 0.105411
4 0.703329 0.294822 0.029783 0.111445
4 0.827751 0.255624 0.027199 0.093000
4 0.767309 0.237880 0.026655 0.080630
4 0.714459 0.246625 0.029482 0.094894
4 0.601912 0.256952 0.030341 0.101355
4 0.791962 0.249170 0.037462 0.082388
3 0.834270 0.233616 0.041877 0.061339
7 0.853142 0.224314 0.126360 0.124142
