2 0.518652 0.377762 0.071092 0.084515
4 0.275306 0.495592 0.044077 0.128697
4 0.097261 0.610009 0.053795 0.133260
4 0.396615 0.362756 0.027041 0.090445
6 0.247961 0.314760 0.020887 0.082661
4 0.643827 0.355026 0.034259 0.080889
4 0.141715 0.435917 0.031987 0.109710
4 0.328175 0.335878 0.023029 0.079622
6 0.288558 0.438571 0.026462 0.116847
4 0.806336 0.610828 0.384957 0.767000
3 0.508461 0.384471 0.045266 0.071983
4 0.432013 0.432486 0.042158 0.100373
5 0.306929 0.381494 0.009208 0.011455
4 0.440401 0.433365 0.045799 0.095151
7 0.518652 0.377762 0.127966 0.126773
