2 0.084015 0.302436 0.084335 0.112452
6 0.848698 0.501536 0.042234 0.175844
4 0.156149 0.372061 0.035317 0.134738
4 0.505130 0.249358 0.024659 0.087223
4 0.229386 0.323154 0.026451 0.125273
4 0.404535 0.286098 0.043952 0.096247
4 0.581804 0.257778 0.028558 0.089540
4 0.715693 0.306640 0.030011 0.101748
4 0.318137 0.345503 0.032077 0.113887
3 0.177431 0.297799 0.031194 0.096893
4 0.576577 0.513883 0.050494 0.178477
4 0.392107 0.220881 0.022935 0.077405
4 0.177092 0.297324 0.030643 0.097920
0 0.938719 0.833944 0.121371 0.326321
4 0.446361 0.281144 0.035897 0.128298
6 0.576726 0.514259 0.051155 0.176134
4 0.447633 0.300040 0.036891 0.091906