4 0.246014 0.666056 0.040727 0.130637
4 0.075527 0.575831 0.037911 0.110099
4 0.707161 0.437244 0.026553 0.065481
6 0.389122 0.352357 0.012980 0.044592
6 0.312664 0.455177 0.022178 0.079793
2 0.153463 0.404510 0.051260 0.062455
5 0.413927 0.516668 0.010105 0.013726
6 0.567569 0.388425 0.014801 0.057530
4 0.294305 0.373438 0.022629 0.047202
1 0.100354 0.797083 0.200273 0.372790
4 0.761184 0.230930 0.141207 0.202841
5 0.571116 0.457476 0.014667 0.014914
4 0.193450 0.392050 0.020036 0.055732
4 0.514310 0.706087 0.046074 0.099603
4 0.313346 0.451456 0.023542 0.086127
3 0.193188 0.391763 0.019760 0.056586