4 0.727521 0.528761 0.041796 0.109516
2 0.421881 0.376049 0.054529 0.069964
4 0.503131 0.394424 0.030722 0.081583
4 0.450129 0.463383 0.035598 0.098837
4 0.249698 0.444480 0.033705 0.094817
4 0.773293 0.551218 0.030761 0.111664
4 0.377957 0.401520 0.025444 0.084524
3 0.425876 0.393985 0.035814 0.061871
6 0.383003 0.704001 0.065332 0.160414
4 0.382828 0.703884 0.066138 0.160391
5 0.394739 0.517007 0.010644 0.015316
5 0.762072 0.643260 0.014900 0.018172
4 0.173572 0.518020 0.346744 0.930057
4 0.132181 0.453560 0.259414 0.703916
7 0.421881 0.376049 0.098152 0.104946
